author,title,abstract,journal_title,year,
Арутюнова Елена Вячеславовна,"
К проблеме раздельного и дефисного написания топонимов с постпозитивным прилагательным, или Почему Струги Красные"," Статья посвящена исследованию проблемы раздельного и дефисного написания топонимов с постпозитивным прилагательным типа Струги(-)Красные: сделан обзор орфографических правил для топонимов, включающих в себя прилагательное; выявлены различные структурно-семантические типы топонимов с постпозитивным прилагательным; по словарям и юридическим документам (Государственному каталогу географических названий и др.), установлены орфографические предпочтения для каждого типа топонимов и выявлены возможные мотивации написаний; определены орфографическая история и юридически закрепленные написания топонимов разных типов, в том числе ойконима Струги Красные и отойконимического названия Струго-Красненский район. Установлено, что кодификация топонимов с постпозитивным прилагательным в соответствии с действующим правилом об их дефисном написании до настоящего времени не завершена, это ставит перед кодификаторами проблему выбора орфографической политики в данной области письма. Определены в ряду прочих два основных фактора, разнонаправленно влияющих на написание: общепринятое раздельное написание сочетаний с постпозитивным склоняемым прилагательным и тенденция объединять компоненты названия дефисом для создания единой номинации. Оцениваются положительные и отрицательные последствия дальнейшей поддержки в кодификации как первого фактора, так и второго. Делается общий вывод о том, что правило о дефисном написании модели «существительное + прилагательное», которое существует наряду с правилом о дефисном написании названий, состоящих из двух прилагательных или двух существительных (в иной формулировке — двух названий), удобно для пишущих, так как позволяет опираться на формальные признаки, а не на историю образования названия: для применения правила достаточно определить, что второй компонент по форме является прилагательным, хотя по происхождению он может быть самостоятельным названием — субстантивированным прилагательным. Изменение правила приведет к необходимости орфографически различать названия типа Ильинское-Хованское и Ильинское Кесемское.",Вопросы ономастики,2023,"onomastics, orthography"
Березович Елена Львовна; Сурикова Олеся Дмитриевна,"
Кто такой восточнославянский карачун? (слово, имя, персонаж)"," Статья посвящена слову карачун (корочун), которое в восточнославянских языках (в том числе в русском) имеет богатый семантический спектр и развивает значения ‘смерть (особенно внезапная и насильственная); тяжелые болезни’, ‘«конец» как негативный результат, прекращение, исчерпание чего-л.’, ‘актор проклятий’, ‘злой дух’; значения, объединенные признаком «скрюченности, согнутости» (‘кривоногость, сутулость’ — в белорусских говорах, ‘сгорбленная поза, ползание’ — в русских); значение ‘скупец’ и предметные смыслы — ‘кривое дерево’, ‘старый веник’ (белорусские говоры). Также карачун и его фонетические варианты имеют календарную семантику (‘день зимнего солнцеворота’, ‘рождественские праздники (в целом)’, ‘рождественский хлеб’, ‘рождественское деревце’ и др.), однако в русском языке календарный обрядовый термин представлен очень скупыми фиксациями — он функционирует преимущественно в карпато-балканском ареале. Карачун1 ‘смерть и др.’ и карачун2 ‘календарный термин’, по мысли авторов статьи, восходят к двум гетерогенным омонимам: карачун1 < праслав. *kъrčiti ‘сгибать, искривлять, корчить’ < *kъrčь / *kъrča ‘судорога, спазм, конвульсия’, карачун2 < ? алб. kёrcun (< *karcun) ‘пень, чурбан, обрубок дерева’. Кроме того, в статье подробно рассматривается ономастическая «ипостась» слова карачун: из научной и популярной литературы известен мифологический персонаж с таким именем, которому приписывается «статус» древнего славянского божества. Авторы доказывают, что такой персонаж — порождение «кабинетных» мифологов (исследователей XIX–XXI вв.) и результат некритичного отношения к источникам: на самом деле это герой (антагонист) романа М. И. Попова (1770), «растиражированный» еще в XVIII в. и особенную популярность получивший в лубочной сказке, откуда он мигрировал в устную народную традицию (но не стал в ней «активным»).",Вопросы ономастики,2023,onomastics
Попова Татьяна Георгиевна,"
Новозаветные антропонимы в тексте «Лествицы» Иоанна Синайского","Целью статьи является описание 11 новозаветных антропонимов, функционирующих в тексте переводного памятника раннеславянской письменности — «Лествицы» Иоанна Синайского. Эти антропонимы представляют собой особую разновидность библейских цитат, и главной их функцией является указание на события Священной истории. Для исследования привлекались греческие тексты «Лествицы» по изданию Ж.-П. Миня и четырем древнейшим византийским кодексам и тексты пяти славянских рукописей, содержащих разные версии первого славянского перевода книги, выполненного в кругу преславских книжников в первой половине X в. Статья написана в русле исследований так называемой коллективной церковной памяти средневековых книжников, под которой понимается общий набор тем, образов, сюжетов, представлений, выражений, восходящих к тексту Библии. Персонажами Нового Завета, упомянутыми в греческом тексте и в славянских переводах «Лествицы», являются: Иисус Христос, Мария, Иоанн Предтеча, Иоанн Богослов, Лазарь, Петр, Павел, Тимофей, Ирод, Пилат, Иуда. В статье рассмотрены именования этих персонажей, обозначаются основные функции антропонимов (отсылочная, символическая, усилительная, указательная), выявляются ключевые образы: Иисуса Христа и первоверховных апостолов Петра и Павла. Для древнейшей русской рукописи отмечаются орфографическая неустойчивость в отношении новозаветных антропонимов и множественные писцовые ошибки, свидетельствующие о неопытности книжника и о плохом знании евангельских сюжетов. Анализ языкового материала по тексту древнейших славянских рукописей позволил выявить четыре лексемы, не зафиксированные в исторической лексикографии русского и старославянского языков.",Вопросы ономастики,2023,onomastics
Данчева Надежда Георгиева,"
Новые достижения болгарской ономастики
Рец. на кн.: Чолева-Димитрова А. Местни и родови имена от Царибродско / А. М. Чолева-Димитрова. — Благоевград : Неофит Рилски, 2019. — 314 с.","Рецензия на книгу «Географические названия и родовые имена общины Цариброд» представляет работу профессора Анны Чолевой-Димитровой в контексте ее исследовательской деятельности и на фоне современных топонимических исследований в Болгарии и других странах. Монография включает введение, пять глав и приложения: карту исследованных поселков общины Цариброд и этимологическую справку о названиях поселений. Основная цель автора исследования — представить топонимическую и родо-антропонимическую систему поселений, оставшихся после 1919 г. за пределами болгарских государственных границ и принадлежащих ныне к территории Республики Сербия. Лингвистическому анализу подверглось свыше 3 000 микротопонимов и 545 родовых названий, сохранивших общие черты и многие древние элементы болгарской онимической системы. В рецензии оценивается вклад монографического исследования А. Чолевой-Димитровой в славянскую ономастику, который основан на двух методологических особенностях: 1) применение метода антропонимической реконструкции в микротопонимии, с помощью которого выявляется фрагмент славянской антропонимической системы, 2) привлечение топонимических параллелей из соседних с Царибродом общин.",Вопросы ономастики,2023,onomastics
Кириллова Людмила Евгеньевна,"
Новое исследование по карельской топонимике
Рец. на: Афанасьева А. А. Топонимия Сямозерья в ареале карельского диалектного пограничья : дис. … канд. филол. наук : 10.02.02 / ИЯЛИ КарНЦ РАН. — Саранск, 2022. — 235 с.","В рецензии рассматривается кандидатская диссертация А. А. Афанасьевой «Топонимия Сямозерья в ареале карельского диалектного пограничья», выполненная на богатом фактическом материале, собранном автором в ходе полевых исследований, с использованием обширного архивного материала. Район Сямозерья уникален: здесь точка соприкосновения трех наречий карельского языка — ливвиковского, людиковского и собственно карельского. Этот пограничный характер и расположение на пересечении путей миграции и освоения территории наложили отпечаток на самозерский диалект ливвиковского наречия карельского языка. Все это отразилось в топонимии исследуемой территории, где также прослеживаются саамские, вепсские, русские элементы. Работа А. А. Афанасьевой, основная часть которой содержит пять глав, представляет собой комплексное исследование, посвященное описанию структурных и лексико-семантических моделей топонимии Сямозерья, определению их ареальной дистрибуции. Подробно проанализировав около 3 000 топонимов, диссертантке удалось выявить общие для карельской топонимии принципы и модели именования, а также сямозерские инновации. По топонимическим данным путем этимологического анализа реконструировано около десятка утраченных карельско-ливвиковских лексем, а также календарные и некалендарные антропонимы, входящие в состав топонимов в качестве структурных элементов. Эти результаты ценны для карельской лексикографии. Анализ отражения диалектных особенностей в топонимии дал возможность уточнить границы ареала ливвиковского наречия и историю его формирования и в результате определить место Сямозерья в формировании карельской диалектной карты. Выявление ойконимных моделей на основе хронологической дистрибуции позволило установить эволюцию ойконимической системы Сямозерья.",Вопросы ономастики,2023,onomastics
Кабинина Надежда Владимировна,"
К этимологии названий на Анд(ом)- в топонимии Eвропейского Севера России"," В статье рассматривается ряд взаимосвязанных вопросов, касающихся происхождения топоосновы Анд(ом)-, которая отражена в таких субстратных названиях Европейского Севера России, как Андозеро, Андома, Андомозеро, Андоба (истор. Андома) и т. п. В первом разделе, посвященном истории изучения основы, представлены уже имеющиеся этимологии, отмечены их положительные стороны и ограничения. Во втором разделе автор излагает собственную гипотезу. В соответствии с ней по крайней мере те топонимы, в которых устойчиво фиксируется расширенная основа Андом-, могут рассматриваться как сочетание атрибутива Ан- ~ саам. ænȃ ‘большой’ и детерминанта -дом ‘гора; поселение’, выявленного к настоящему времени в небольшой зоне вблизи границ между Центральной и Северной Россией. Эта версия отлична от всех предшествующих, поскольку предполагает выделение в структуре рассматриваемой основы компонентов Ан- и -дом, а не Анд- и -ом, как предлагалось ранее. Согласно выдвигаемой автором гипотезе, детерминант -дом пока не был распознан во всех содержащих его названиях, поскольку этому препятствует омонимичная топонимическая финаль -дом(а), образованная сочетанием конечного согласного основы -д с формантом -ом(а). Соответственно, предполагается, что ареал детерминанта -дом шире выявленной небольшой зоны и имеет продолжения к северу от нее, получая отражение, в частности, в топонимах на Андом-. В качестве аргументов приводятся, с одной стороны, некоторые статистические данные, а с другой стороны — сведения о физико-географических характеристиках ряда объектов, именуемых на Андом-: возв. Андома гора в Вологодской области, группа озер Андома у основания горного хребта на Кольском полуострове, р. Андома в Костромской области и три реки Анданга : *Андом(н)га в бассейне р. Юг, характеризующиеся высокими и крутыми участками берега.",Вопросы ономастики,2022,"onomastics, etymology"
Кузьмин Денис Викторович,"
Историко-культурный потенциал топонимии карельской деревни Колвица на Кольском полуострове"," В статье рассматривается топонимия карельской деревни Колвица на Кольском полуострове, относившейся до мая 1938 г. к территории Карелии, а далее — к территории Мурманской области. Исследование проведено на основе исторических документов и современных данных, бóльшая часть которых получена в результате экспедиций автора в Колвицу летом 2017 и 2018 гг. Главным направлением работы является соотнесение известных исторических сведений о Колвице с топонимическими данными, которые, как показано в статье, не только подтверждают, но и углубляют историческую информацию, позволяя реконструировать многие особенности жизни деревни в прошлом. Анализ начинается с ряда русскоязычных топонимов, которые функционировали еще до карельского освоения Колвицы (Кандалакша, Колвицкая губа, Порьягуба и др.). Большинство этих названий имеет саамское происхождение и, как показано автором, прошли многоступенчатую адаптацию, включающую переход из саамского в русский, потом из русского в карельский — а затем во многих случаях из карельского снова в русский, что связано с обрусением населения деревни в середине ХХ в. Далее подробно рассматривается карелоязычная топонимия, которая сохранилась достаточно хорошо. Особое внимание автор уделяет крупной группе названий с основами, указывающими на человека: восходящими к антропонимам (Annin/oja «Ручей Анны», Kusmal’an/talo «Дом Кузьмы» и др.), этническим наименованиям (Lapin/niemi «Лопарский мыс», Ryssän/niemi «Русский мыс») и некоторым апеллятивам. Большое внимание в исследовании уделено также географическим терминам, функционирующим в топонимии деревни. Их анализ, направленный на историческую реконструкцию, позволяет утверждать, что карельское население Колвицы составляли, с одной стороны, переселенцы из Олангской волости, а с другой стороны — из волостей Вокнаволок, Кестеньга, Тихтозеро, Ухта.",Вопросы ономастики,2022,"onomastics, history"
Сундуева Екатерина Владимировна,"
Топонимическое пространство письменного памятника «Правдивые записи о монголах Цинской империи»"," В статье рассматривается пласт монгольских географических названий XVII — начала XVIII в., представленный в письменном памятнике «Правдивые записи о монголах Цинской империи», изданном на старописьменном монгольском языке в шести томах в Хух-Хото (КНР) в 2013 г. Рассматриваемый памятник письменной культуры содержит колоссальный объем разноплановой информации и может быть использован для решения весьма широкого круга научных проблем: этнологических, культурологических, лингвистических, политических, социальных, религиоведческих. Изучение такого рода сочинений ценно тем, что они репрезентируют историю, особенности языка и литературной мысли, представления о мире народов прошлых эпох. Исследование семантики топонимических единиц показало, что в XVII — начале XVIII в. уже сложилась дошедшая до наших дней развитая система географических терминов, во многом обусловленная природными условиями местности. Особенностью топонимии того периода можно считать отсутствие меморативных имен, появившихся в Монголии в первой половине XX в. и отражающих новые взгляды на общественную жизнь. В структурном плане привлекает внимание почти полное отсутствие глагольных основ, в частности форм причастия настояще- прошедшего времени и многократного причастия, способных выступать в роли определения и представленных в современной топонимии Монголии. Наблюдения над передачей монгольских сложных топонимов в китайском варианте позволяют предположить, что полная их транскрипция указывает на устоявшийся характер топонимов, а использование маньчжурских географических терминов говорит об их факультативности. Топонимикон «Правдивых записей» содержит значимые культурные смыслы и коннотации, характерные для национального ви́дения мира.",Вопросы ономастики,2022,"onomastics, linguoculture"
Кривощапова Юлия Александровна,"
«Каменные» улицы Екатеринбурга"," В публикации представлен комплекс названий улиц Екатеринбурга, связанных с идеей «каменного дела». К анализу привлекаются годонимы, мотивированные минералогической лексикой напрямую (ул. Аметистовая, ул. Родонитовая) или же опосредованно связанные с «каменной» номинативной темой (ул. Каменотёсов, ул. Бажова). Годонимия уральской столицы рассматривается с позиции формирования локального бренда региона, а сами названия улиц расцениваются как трансляторы региональной идентичности. Авторы отмечают, что среди годонимов, мотивированных геммонимами, выделятся группа названий, связанных с обозначениями «самоцветных» (драгоценных и полудрагоценных) камней, добываемых на Урале и осмысляемых массовым сознанием как своего рода продукт со знаком уральского «качества» (ул. Малахитовая, ул. Изумрудная). С другой стороны, существуют названия улиц, отсылающие к наименованиям полезных ископаемых, малоизвестных широкой публике и, в отличие от «уральских самоцветов», не нагруженных оценочными коннотациями (пер. Бокситовый, ул. Сланцевая). К годонимам, напрямую мотивированным геммонимами, примыкают названия улиц, косвенно связанные с «каменной» темой. Это меморативы, посвященные деятелям «каменных» наук и искусств (ул. Академика Ферсмана, ул. Данилы Зверева), а также коллективные названия-посвящения, прославляющие представителей горнодобывающих профессий (ул. Геологов, пер. Старателей). Авторы приходят к выводу, что «каменная» модель и сегодня является вполне востребованной и активно используется для создания годонимических микросистем, особенно если дело касается новых районов или поселков, когда нужно сразу назвать множество улиц, а разнообразие минералов позволяет легко это сделать. Кажется, что перед нами тот счастливый случай, когда номинативная прагматика не противоречит благородной идее популяризации уральских минералов и формированию локальной идентичности посредством «каменной» городской годонимии и шире — урбанонимии, которая еще ждет своего исследователя.",Вопросы ономастики,2022,onomastics
Кабинина Надежда Владимировна,"
Севернорусский топоним Урдома: о старых и новых этимологиях"," В статье рассматриваются уже известные и вновь предлагаемые этимологии загадочного топонима Урдома, ныне называющего поселок на левом берегу Вычегды в Ленском районе Архангельской области. На основе анализа исторических документов и материалов по краеведению авторы приходят к тому, что первоначально топоним именовал небольшую речку — правый приток Вычегды, близ которого в прошлом существовали погост Урдома и одноименная волость. В первой части исследования производится комментированный обзор имеющихся этимологий топонима: отвергается его связь с санскр. ūrdhva ‘высокий’; признается народноэтимологической трактовка названия от коми-зыр. ур ‘белка’ + рус. домá; отмечаются слабые стороны других этимологических гипотез: от приб.-фин. *Urto/ maa «Земля лесной охоты»; от коми *(В)урд/вом < ‘бурундук’ + ‘устье’; от перм. *Ur/ton «Безбеличье» («Место, где не водятся белки»). Во второй части статьи авторы предлагают две новые этимологии. Согласно первой из них, гидроним Урдома был создан не собственно коми-зырянами, а более древним пермским населением от общепермской основы *Ыrd- с базовым значением ‘поставить стоймя’ (> ‘перегораживать’). Семантика «перегороженности» в рамках этой гипотезы трактуется как отражение либо устраиваемых на реке рыболовных сооружений — плетней, заколов, либо наличия естественных преград в виде скоплений древесного хлама, либо — с учетом механизмов метонимии — былого существования на реке укрепленного (огороженного) поселения. Согласно второй версии, ленский гидроним Урдома может быть генетически связан с названиями на -дом, известными на исторических мерянских землях и севернофинских территориях. В этом случае, с учетом денотативной топонимической семантики детерминанта -дом, финальная часть названия Урдома трактуется как ‘гора; возвышенный берег’. Первая часть названия — возможно, частично стертая — на данном этапе исследования предположительно сопоставляется с саам. urd ‘большое плоское плато или возвышенность’.",Вопросы ономастики,2021,"onomastics, etymology"
Жамсаранова Раиса Гандыбаловна,"
Личные имена тунгусов Бултегерского рода Урульгинской степной думы (на материале ревизских описей начала XIX в.)"," Данная статья впервые вводит в научный оборот личные имена тунгусов Бултегерского рода Урульгинской степной думы, выписанные из ревизских описей Государственного архива Забайкальского края начала XIX в. Представлен свод мужских и женских личных имен тунгусов отдельного рода, а также численность рода в разные годы. Определены национально- мотивированные принципы имянаречения; морфемный анализ имен позволил соотнести их с именами эвенков. Помимо традиционного аффиксального -ча эвенкийских личных имен (Букача, Игланча, Иркенча, Кивунча, Магалча, Теванча, Увульча, Чолбонча), выявлено наличие иных аффиксов: -(в)уль (Гатавуль, Геневуль, Декевуль, Тоепуль / Тоепвуль), -га/-гу/-ка (Вамчигу, Дамбуга, Дамкинка, Сопчинга, Элдинга, Эмкинга). Вариативность имен тунгусов Бултегерского рода связывается как с объективными факторами (например, диалектными различиями), так и с факторами субъективными — изустной записью имен, искажающей исходное имя. Основной вывод состоит в том, что выявленные принципы номинации, характерные для исторического именника тунгусов-орочон Бултегерского рода, в основном соответствуют рассмотренным ранее моделям традиционной практики имянаречения у народов Сибири и Дальнего Востока. В статье описано наличие девяти антропомоделей. Мотивировочные признаки выявленных антропомоделей отражают этнокультурную специфику аборигенных народов Сибири, которая обусловлена кочевым оленеводческим типом хозяйствования, образом жизни и условиями взаимодействия человека и природы. Безусловна архаичность мировоззренческих установок, отраженная в выборе мотивировочных признаков при присвоении имени. Выводом частного характера является положение о полиэтничности родового состава бродячих орочон. Обнаружилась семантическая корреляция антропооснов исследованных имен и апеллятивов других тунгусо-маньчжурских языков. Эти предварительные выводы могут представлять интерес для практических нужд региональной ономастики в целом.",Вопросы ономастики,2021,onomastics
Боброва Мария Владимировна; Зверева Юлия Владимировна,"
Современная топонимия Верх-Язьвинского сельского поселения Красновишерского района Пермского края"," Статья посвящена характеристике актуального состояния топонимии на территории проживания одного из малых народов Пермского края — коми-язьвинцев. Использованы материалы, полученные в ходе экспедиций, осуществленных в 2017–2018 гг. преподавателями и студентами Пермского государственного национального исследовательского университета в месте компактного, «островного» проживания этого народа — в Верх-Язьвинском сельском поселении Красновишерского района Пермского края. В первой части статьи представлены сведения по этнографии и истории изучения языка и культуры коми-язьвинцев. Определены факторы, способствовавшие формированию уникальной культуры, ее сохранности, формированию этнической идентичности коми-язьвинцев. Заострено внимание на современной ситуации: народность подвержена сильным ассимилятивным процессам, язык и культура стремительно угасают, находясь на грани исчезновения. Поскольку коми-язьвинская ономастика до сих пор глубоко не изучалась, имена собственные нуждаются в фиксации и анализе. Вторая, основная часть статьи посвящена описанию местного топонимикона. Охарактеризованы топонимы следующих разрядов: названия населенных пунктов и их частей, гидронимы (названия частей рек и их частей, названия болот), микротопонимы (наименования полей, лугов, пастбищ; оронимы). Всего рассмотрено около 700 топонимов. Исследование показало, что современная топонимия верховьев реки Язьвы демонстрирует стабильность принципов организации ономастического пространства, вместе с тем наблюдаются подвижки внутри данной структуры в результате значительного влияния русской топосистемы. Субстратная ономастика, за исключением гидронимов, подвержена активным процессам русификации и вымывания из активного словаря. На формирование местного топонимического пространства воздействуют историко-культурные процессы. Полученные данные вновь свидетельствуют о том, что макротопонимии (главным образом гидронимии) свойственна значительная стабильность в сравнении с более подвижной, более отзывчивой на социальные, культурные и собственно языковые процессы микротопонимией. Требуется скорейшая фиксация активно вымываемых субстратных онимов с последующим осмыслением полученных данных в русле современных теорий ономатологии.",Вопросы ономастики,2021,onomastics
Белова Ольга Владиславовна,"
Антропонимия и топонимия в мемориальной эпиграфике Подляшья"," Статья посвящена анализу антропонимов и топонимов на надгробиях некрополей, обследованных в ходе экспедиций на территории Подляшского воеводства (Гайновский повет) в 2017–2020 гг., в местах компактного проживания православного восточнославянского населения. Эпиграфические надписи, выполненные кириллицей, не только передают локальные диалектные особенности, отражающие специфику восточно-славянской языковой культуры на польско-восточнославянском пограничье, но также служат конфессиональным маркером, важным для самоидентификации православного населения данного региона. Надгробные надписи могут выступать как свидетельства взаимодействия белорусской, украинской, русской (церковнославянской) и польской языковых традиций. Особенности графики (кириллица) и орфографии при передаче личных имен, фамилий и топонимов на надгробиях свидетельствуют не только об этноконфессиональных и этноязыковых контактах, но и отражают живое произношение, запечатленное в письменной форме. Авторы исходят из того, что антропоним — это стержневой компонент эпитафии, и, анализируя конкретные примеры, ставят целью разрешение следующих вопросов. 1. Что в каждом конкретном случае передают графика и орфография — звучание имени или топонима, традиции написания, ориентацию на графическую систему определенного языка? 2. Чем обусловлена вариативность написания одного и того же имени, фамилии, топонима? 3. Можно ли проследить общие тенденции, проявляющиеся в передаче антропонимов и топонимов в исследуемой локальной традиции? 4. Как проявляется в текстах, не ориентированных на литературную белорусскую, украинскую или русскую орфографию, влияние польского (государственного) языка? В эпиграфике исследуемого региона наблюдается тенденция предпочтительного использования разных орфографических систем (необязательно последовательная), показателем чего служит употребление букв и, ы, i в разных сочетаниях. В транслитерации кириллицей некоторых имен и фамилий наблюдается калькирование польской орфографии.",Вопросы ономастики,2021,onomastics
Шишелов Никита Сергеевич,"
Текнонимия в системе личных имен северных атапасков"," Статья посвящена широко распространенной среди северных на-дене антропонимической традиции текнонимии (перенаречение супругов после рождения ребенка по его имени). Внимание сфокусировано на северных атапасках, также привлечены данные по соседним народам. Анализ материалов показывает несостоятельность предложенной в конце XIX в. Э. Тайлором интерпретации функций текнонимии. В исследовании текнонимия рассматривается как составляющая часть целостной традиционной антропонимической системы атапасков, что дает возможность анализа и обнаружения скрывающихся за ней социальных стратегий и смыслов. Будучи взаимосвязанной с табуированием личных имен и комплексом воззрений о реинкарнации, текнонимическая подсистема в прошлом занимала доминирующее положение в антропонимике большинства северных атапасков. В настоящее время традиция продолжает бытовать среди некоторых групп в редуцированной в той или иной степени форме. На основе собранных материалов выделены границы крупнейшего в Америке непрерывного ареала распространения текнонимии, включающего не менее двух десятков этнолингвистических групп. Как особый случай рассматриваются псевдотекнонимы — имена, выстроенные по тому же принципу, однако не отражающие реальные родственные связи носителя имени. Продемонстрированы две морфемные модели образования текнонимов. В качестве рабочей гипотезы высказано предположение, что текноним у атапасков был в первую очередь декларативным маркером брака, обозначавшим особый родительский статус, и являлся единственной демонстративно выраженной брачной традицией. Установлена взаимосвязь текнонимии с системой социально-возрастных страт, а также выявлена разница в функционировании текнонимов в двух культурных кластерах внутри североатапаскского этнического массива. В некоторых моментах в ходе исследования были обнаружены близкие параллели между текнонимией у северных атапасков и у некоторых народов Старого Света, что расценивается автором как конвергентное сходство.",Вопросы ономастики,2020,onomastics
Разумов Роман Викторович*,"
Трансляция региональной идентичности в урбанонимии российских городов: современное состояние"," Целью настоящей статьи является разработка подхода к выявлению способов трансляции региональной идентичности в современных урбанонимических системах. Авторы рассматривают этот вопрос на примере названий трех российских городов: Екатеринбурга, Рыбинска и Ярославля. Механизмы проявления региональной идентичности анализируются в статье в ономасиологическом ключе. Авторы констатируют, что способы выявления региональных особенностей хорошо разработаны в смежных гуманитарных науках, однако практически не рассмотрены в ономастике. Решение этого вопроса необходимо для разработки принципов ономастической политики в городских онимических системах. Авторы утверждают, что в силу сложившейся традиции в урбанонимии крупных городов лежит идея всероссийской (всесоюзной) идентичности, идеологической, региональной, локальной. Основное внимание уделено выявлению круга урбанонимов, обладающих региональной идентичностью. Под ними понимаются названия, несущие лингвокультурную информацию о регионе и отражающие типизированные представления жителей о нем, его особенностях, значимых событиях истории и людях, а также о местной социокультурной и экономической сфере. Анализ истории появления подобных урбанонимов показал, что большинство из них появилось во второй половине XX в. Авторы выделяют три основные линии проявления региональной идентичности в урбанонимической системе: связь через территорию, через личность, через имидж места. В заключительной части статьи показаны возможные варианты воплощения региональной идентичности в официальной урбанонимии. Авторы приходят к выводу о том, что, несмотря на наличие в обществе стереотипов о похожести и идентичности систем внутригородских названий, существуют заметные расхождения не только в территориально далеких онимических системах, но и в населенных пунктах, расположенных в одном регионе.",Вопросы ономастики,2020,"onomastics, linguoculture"
Рожкова Полина Алексеевна,"
Модели коммерческой эргонимии в России на рубеже XIX–XX веков и в наши дни: смена традиции"," Статья посвящена сопоставительному анализу современных и дореволюционных эргонимов Екатеринбурга. Сопоставляются срезы рубежа XIX–XX вв. и наших дней. Источником материала стали рекламные тексты, размещавшиеся в региональных СМИ; для исследования современных эргонимов использовался также справочник «Желтые страницы». Сравнительный анализ позволяет выявить актуальность дескриптивной модели образования эргонимов в дореволюционном Екатеринбурге, т. е. более ста лет назад, и проследить, какое она получила развитие к рубежу XX–XXI вв. Культурные коды и функции, которые выполняет эргоним, меняются, расширяются и становятся значимым объектом для исследования. Так, доминировавшая в дореволюционной эргонимии модель использования личного имени владельца в названии фирмы или магазина через сто лет едва ли не полностью вышла из употребления. Сегодня при создании эргонима лидирует ассоциативная номинация. Все это говорит об изменении прагматических установок номинаторов, а также о большом влиянии экстралингвистических факторов на процесс формирования рекламного пространства. Изменение городского эргонимического контекста заключается в переходе с номинации, основанной на конкретной дескрипции, к номинации, в основе которой лежат те или иные субъективные ассоциации. Сегодня очевидно постепенное вытеснение старой дескриптивной модели номинации («описание сферы торговли + номенклатурное название предприятия + имя купца или продавца»), а также моделей, в которых используются названия мест производства, в то время как в дореволюционной России около 95 % эргонимов создавалось именно по этим шаблонам. Значительная часть предлагаемого исследования направлена на рассмотрение особенностей прагматических установок моделей создания эргонимов конца XIX — начала XX в. и в современный период.",Вопросы ономастики,2020,onomastics
Беляев Андрей Геннадиевич,"
К вопросу о происхождении русскоязычных гидронимов бассейна реки Щугор"," В статье рассматривается история гидронимов Щугор, Паток, Глубник, Торговая, Волоковка, Пятидырка, Семидырка — имен собственно реки Щугор и нескольких ее притоков первого и второго порядка. В настоящее время эти названия большей частью имеют «русский» фонетический облик, однако, как свидетельствуют их исторические варианты, некоторые гидронимы являются результатом семантической адаптации дорусских названий. Так, согласно гипотезе авторов, гидронимы Пятидырка и Семидырка возникли на основе ненецких названий с составным детерминантом -дырма, выражающим многократность и место действия. В других примерах отмечается параллельное сосуществование нескольких схожих по смыслу разноязычных вариантов гидронима: рус. Торговая, к.-зыр. Тöргöвöй-ю, нен. Меняйлава, что также свидетельствует о былых и нынешних контактах русского населения с аборигенными народами — носителями финно-угорских и самодийских языков. Авторы отмечают и те случаи, когда дорусский гидроним, зафиксированный в исторических документах, полностью утрачен, т. е. заменен русскоязычным без какого-либо влияния субстратного названия. Например, коми-зырянский гидроним Пыженюц (от к.-зыр. пыж ‘лодка’, букв. «Река, по которой могут пройти лодки») в древнерусскую эпоху сменился названием Падун, а далее названием Паток — оба последних гидронима являются собственно русскими. В статье анализируются также исконно русские названия, для которых с опорой на географические данные устанавливается наиболее вероятная мотивация. Так, подвергается сомнению традиционная трактовка названия речки Глубник как «глубокой реки» или «реки с глубокими местами», поскольку такая трактовка не соответствует физико-географическим реалиям, авторы толкуют название как «Речка, текущая из глубины тайги». Все представленные в статье языковые наблюдения и этимологические трактовки гидронимов основаны на анализе большого массива картографических источников XVI–XX вв.; отдельно приведены примеры искажения написания гидронимов Щугорского Урала в картографии различных времен.",Вопросы ономастики,2020,"onomastics, etymology "
Аликберов Аликбер Калабекович; Мудрак Олег Алексеевич,"
Арран и сопредельные страны в парфянском тексте трехъязычной надписи III в. на скале Ка‘ба-йи Зардушт (ŠКZ)"," В публикации продолжено исследование исторической ономастики Кавказской Албании, которую авторы начали в своей первой статье, посвященной общности происхождения названий Албания, Алуанк и Алан. В центре внимания данной работы — топонимы западной части Персидской державы в парфянском тексте трехъязычной надписи на скале Ка‘ба-йи Зардушт (ŠКZ) близ Персеполя (Иран), датируемой 260–262 гг. н. э. На основе детального разбора графики и привлечения данных по исторической фонетике парфянского языка авторы предлагают уточненное чтение парфянской части надписи ŠКZ. В частности, уточняется древнее звучание названий таких территорий, как Мидия, Адиабена и (Кавказская) Албания. В числе самых интересных оказывается историческое наименование Арран, представляющее собой другое название Алуанка / Алвании / (Кавказской) Албании и противопоставленное атрибутивному элементу Алан-, зафиксированному в названии Аланских ворот в этой же надписи. В статье выясняются причины появления казавшегося неясным парфянского написания Ардан. По мнению авторов, сосуществование и графическое противопоставление написаний Арран и Алан- могут указывать на различные этимологические истоки соответствующих топонимов. В связи с этим рассматриваются имеющиеся отражения первого названия в письменных языках Закавказья, показывается сомнительность его иранской этимологии, что позволяет предложить для названия Арран альтернативную интерпретацию.",Вопросы ономастики,2020,onomastics
Байбурин Альберт Кашфуллович,"
Последовательность элементов именной формулы в русской традиции","Цель настоящей статьи заключается в том, чтобы выявить исторические и идеологические подтексты перехода от традиционного для России использования последовательности «имя — отчество — фамилия» (ИОФ) к новой последовательности: «фамилия — имя — отчество» (ФИО). Этот переход начался в 1930–1940-е гг. в советской официальной сфере (прежде всего в паспортных данных и в других документах), а в дальнейшем распространился и на неофициальное общение. Изменение стандарта официального именования было вызвано не только распространением различного рода списков, но и кардинальным изменением отношения к человеку — резким снижением статуса его индивидуальности и, соответственно, уважительного отношения к нему. В настоящее время для неофициальной сферы характерно сосуществование двух именных формул (ИОФ и ФИО), что привело к стихийному изобретению правил их применения. Материалом для их рассмотрения послужило обсуждение этой ситуации в социальных сетях. Общий смысл остается прежним: формула ИОФ используется при уважительном обращении, а ФИО воспринимается как канцелярский стандарт. Вместе с тем считается, что последовательность ИОФ следует выбирать для номинации живых, «своих», уважаемых лиц с высоким статусом, несудимых. ФИО больше подходит мертвым, «чужим», людям низкого статуса, осужденным. Подобного рода «правила» можно рассматривать как способы экспликации своей и чужой идентичности в разных социальных контекстах. Противопоставление официального и неофициального сохраняется, но не имеет такого определяющего значения, как прежде. «Создание» правил идет по пути детализации и конкретизации этого противопоставления. Можно полагать, что подобного рода конструирование призвано не только разрешить возникающие проблемы при выборе конкретной формулы именования, но и формализовать набор возможных экспликаций своей и чужой идентичности в разных социальных контекстах.",Вопросы ономастики,2019,onomastics
La Dunifa,"
Current Trends in Name-Giving Practices of the Buton People: The Impact of Globalisation on the Anthroponymy of Southeast Sulawesi"," В статье обсуждаются актуальные тенденции в практике имянаречения у народа бутон (бутунг), одного из автохтонных этносов индонезийской провинции Юго-Восточный Сулавеси. Традиционная антропонимическая формула народа бутон типологически своеобразна, она состоит из этимологически непрозрачного компонента, указывающего на пол носителя имени, маркера аристократического происхождения (если таковое имеется) и гендерно нейтрального личного имени. К сожалению, аборигенные имена, а равно и традиционная антропонимическая формула за последние десятилетия стремительно выходят из употребления, до такой степени, что очень скоро могут оказаться полностью утраченными. Настоящее исследование нацелено на выявление: 1) количественных параметров, указывающих на степень угасания традиционных моделей имянаречения, 2) наиболее часто используемых заимствованных имен и 3) причин отказа от традиционных имен, как они понимаются самими представителями народа бутон. Для решения этих задач была проведена серия глубинных интервью с носителями культуры бутон, а также количественный анализ данных, относящихся к периоду 1997–2016 гг., полученных в Бюро регистрации актов гражданского состояния округа Бутон. Исследование показало, что за последние двадцать лет процесс отказа от традиционных имен существенно ускорился и достиг опасного уровня. В период с 2012 по 2016 г. из 5 331 новорожденных только 28 получили традиционные имена. Результаты интервью показывают, что люди воспринимают традиционные имена как странные, несовременные и менее престижные. В качестве субститутов традиционных имен наибольшее предпочтение отдается арабским и яванским именам, а также именам западного происхождения, воспринимающимся как более современные и престижные. Подобный ксеноцентризм применительно к практикам имянаречения может быть объяснен влиянием глобализации и, что особенно существенно в случае с арабскими именами, все возрастающей значимостью религиозного фактора.",Вопросы ономастики,2019,onomastics
Топорова Татьяна Владимировна,"
«Говорящие имена» в эддической «Поездке Скирнира»"," Настоящая статья посвящена анализу внутренней формы имен главных персонажей эддической «Поездки Скирнира». Имена собственные рассматриваются как релевантные маркеры сюжета песни, реализующего миф плодородия. Наша задача заключается в том, чтобы обосновать гипотезу о детерминированности жанровой структуры песни семантическими мотивировками имен основных действующих лиц и доказать обусловленность различных жанров, репрезентированных в составе этой песни, с типичными для них лингвостилистическими характеристиками, внутренней формой имен собственных, которые фигурируют в песне. «Говорящие» имена с эксплицитно выраженными семантическими мотивировками — ключ к адекватной интерпретации эддической песни «Поездка Скирнира», посвященной описанию медиатора Скирнира — «сияющего», сравнимого с солнечным лучом, способствующего соединению бога плодородия, вана по происхождению Фрейра и олицетворяющей землю как «огороженное пространство» великанши Герд. Культ плодородия составляет наиболее архаичный пласт, мифологический подтекст сюжета песни. Прозрачность внутренней формы имен, отражающих сущность соответствующих персонажей, реализует установку на принципиальную открытость, типичную для «номинативных» текстов, основной целью которых является исключительно вербальный акт — номинация, иллюстрирующая креативную функцию называния. Эти имена отсылают непосредственно к мифу творения, прецеденту; они также детерминируют функционирование того или иного жанра в составе исследуемой эддической песни.",Вопросы ономастики,2018,onomastics
Клименко Елена Николаевна*,"
Неофициальные урбанонимы Екатеринбурга в социолингвистическом аспекте"," Статья посвящена исследованию феномена неофициальной урбанонимии на примере урбанонимов города Екатеринбурга. Понимая под городскими топообъектами не только улицы, площади, микрорайоны и т. п., но и социально-бытовые, учебные, культурные, промышленные объекты (здания и строения), авторы исследуют факторы, влияющие на появление неофициальных городских названий. Неофициальная урбанономинация расценивается как акт активного вмешательства городского социума в создание «городского текста». Для оценки интенций социума-номинатора проведено анкетирование среди преподавателей, аспирантов и студентов вузов, а также старшеклассников (общее число респондентов — 300 человек). Среди анкетируемых присутствуют как горожане, так и люди, приехавшие в Екатеринбург недавно или являющиеся гостями города. Разработанная авторами анкета включает вопросы, позволяющие выявить возрастные и гендерные параметры социума, отношение респондентов к неофициальным названиям, их представления о причинах возникновения и сферах бытования новых урбанонимов. Проведенный опрос показал, что главным параметром, характеризующим создателей неофициальной урбанонимии, является их статус старожилов: знание неофициального урбанонимикона является свидетельством глубинной включенности номинаторов в жизнь города. Для негорожан знакомство с неофициальными урбанонимами оказывается элементом «посвящения в старожилы». Хотя возрастная характеристика номинаторов не представляется респондентам существенной, все же можно говорить о том, что неофициальная урбанонимия создается в молодежной среде. Результаты анкетирования демонстрируют два тесно переплетающихся фактора, влияющих на развитие неофициальной урбанонимии: это реализация принципа экономии языковых усилий, проявляющаяся в процессах усечения, стяжения официальных названий, и тенденция к карнавализации городского пространства, порождающая яркие, насыщенные экспрессией образные именования.",Вопросы ономастики,2018,"onomastics, sociolinguistics"
Осипова Ксения Викторовна,"
Диалектные прозвища Русского Севера, образованные от названий пищи: этнолингвистический аспект"," В статье рассматриваются коллективные и индивидуальные прозвища, записанные на территории Архангельской и Вологодской областей, а также на северо-востоке Костромской области. Внутренняя форма и мотивация антропонимов, которую предлагает диалектоноситель, позволяют охарактеризовать представления о кулинарных традициях крестьян Русского Севера, стереотипный взгляд на чужую и свою пищу, гастрономические предпочтения различных социальных и территориальных групп, выявить ситуации, частью которых становится пища, и определить сопровождающие ее мотивы и смыслы. Большая часть рассмотренных коллективных прозвищ изначально указывала на территориальные различия в рационе: преобладание того или иного блюда (кашехлёбы, тюрики, штенники и др.), употребление пищи определенного состава (гороховики, картовники, мякинники и др.), особенности приготовления блюд (кислая камбала, кислушники, выденники и др.). Некоторые антропонимы, возможно, сохранили память о соседстве русского и финно-угорского населения. Индивидуальные прозвища часто отражали представления о нормах питания и их нарушении, а также (наряду с коллективными) становились маркером материального положения: так, многие из «бедных» прозвищ принадлежат жителям Пинежского и соседнего с ним Верхнетоемского районов (крохоборы, мусённики, сухарники и пр.), тогда как богатым признавалось население Мезени. Мотивация ряда прозвищ приобретает дополнительные сюжетные линии, которые нашли продолжение в народной топонимии и фольклоре. Среди устойчивых, повторяющихся мотивов — сюжеты о краже пищи (масленники, толоконники, кашники и пр.), скисании и порче продуктов (кисломолочники, ротковская говядина), пролитом напитке или пище (творожники), замешивании реки мукой / толокном (толоконники).",Вопросы ономастики,2017,onomastics
Ахметова Мария Вячеславовна,"
«Маргинальные» катойконимы: от окказионального к систематическому"," В статье рассматриваются русские катойконимы (названия жителей населенных пунктов), находящиеся на периферии узуса. Такие номинации либо порождаются спонтанно, с помощью продуктивных формантов, либо создаются по моделям, нетипичным для катойконимов, с использованием языковой игры (во многом это определяется намерениями номинатора). Наряду с окказиональными катойконимами, возникновение которых обусловлено незнанием принятого в речевой традиции варианта, можно выделить систематически используемые номинации: 1) шуточные катойконимы, употребляющиеся как в составе шуток и анекдотов (например, криворожица ‘жительница Кривого Рога’), так и в целях комической номинации (например, яйцы ‘жители пгт Яя’); 2) экспрессивные катойконимы, использующиеся как для «внешнего» именования, так и для самоименования (например, москвачи ‘жители Москвы’ или пензюки ‘жители Пензы’); 3) катойконимы, позиционируемые как альтернативные по отношению к уже существующим в узусе вариантам (например, тамбовяне ‘жители Тамбова’ вместо тамбовцы, тамбовчане). При этом одни и те же названия в зависимости от речевой ситуации и интенций номинатора могут быть и спонтанно порожденными окказионализмами, и пародийными номинациями; установление природы таких названий возможно лишь с учетом контекста.",Вопросы ономастики,2017,onomastics
Петросян Армен Егишевич,"
Самоназвание армян hay"," В статье дается критический обзор всех научных этимологий, когда-либо предложенных для самоназвания армян hay. Этноним совпадает с широко распространенным диалектным словом hay ‘муж, глава семьи’ (ср. выражение mer hayə ‘наш hay’, т. e. ‘наш муж, глава нашей семьи’, используемое пожилыми женщинами для обозначения своих мужей). Это слово, очевидно, должно быть связано с и.-е. *poti- ‘муж, господин, глава семьи’. В этногоническом мифе данный этноним возводится к имени мифического прародителя армян Hayk'а — главы огромной патриархальной семьи. В армянской традиции созвездие Орион называется Haykn — именем Hayk'а. Финали онимов намекают на индоевропейский суффикс *-kon (*-ko-n), который в имени Hayk'а был контаминирован с суффиксом -ik: Haykn, Hayik > Hayk. Этот уменьшительный / почтительный суффикс иранского происхождения фигурирует в армянских названиях старших в семье и в мифологических именах, ср. hayr / hayrik ‘отец’, теоним Astƚik ‘богиня Венера’ (букв. «звездочка»). В мифе Hayk убивает трехкрылой стрелой своего противника Бела, образ которого восходит к образу верховного бога Вавилона — Бела-Мардука (Бел здесь связано с семитским b‘l ‘хозяин, господин’). В индоевропейском контексте лучшей параллелью Hayk’а является индийский бог Рудра, который убивает бога созвездия Орион трехчастной стрелой. Hayk как отец и лидер hay’ев (армян) также соответствует Рудре как отцу и лидеру рудр / марутов — его сыновей, названных его именем. Приводятся и другие аргументы, подтверждающие происхождение этнонима hay от *poti-.",Вопросы ономастики,2016,onomastics
Напольских Владимир Владимирович,"
Прорыв в исследовании мерянской проблемы.
Рец. на кн.: Матвеев А. К. Субстратная топонимия Русского Севера. IV. Топонимия мерянского типа / А. К. Матвеев. — Екатеринбург: Изд-во Урал. ун-та, 2015. — 313 с."," Четвертая часть монографии «Субстратная топонимия Русского Севера» выдающегося российского лингвиста А. К. Матвеева, вышедшая после смерти автора под редакцией О. В. Смирнова, является важнейшим вкладом в решение одной из сложнейших проблем предыстории Восточной Европы — проблемы языковой и географической привязки летописной мери и выяснения ее места в этнической истории России. Для решения этих задач А. К. Матвеев впервые системно использовал самый надежный источник — субстратную топонимию исторических мерянских земель. В результате оказалось возможным выявить ареал былого обитания мери, показать место мерянского языка среди финно-волжских языков, продемонстрировать наличие как минимум двух больших диалектных ареалов на мерянской территории. Кроме обзора книги А. К. Матвеева, в рецензии рассматриваются некоторые спорные моменты мерянской реконструкции и предыстории и намечаются перспективы дальнейших исследований.",Вопросы ономастики,2016,onomastics
Горяев Сергей Олегович,"
Итоги и перспективы ономастической науки: взгляд из Оксфорда.
Рец. на кн.: The Oxford Handbook of Names and Naming / ed. by C. Hough, D. Izdebska. — Oxford : Oxford Univ. Press, 2016. — xxiii + 771 p."," В рецензии дается подробный критический обзор очередного тома серии лингвистических учебников «The Oxford Handbooks in Linguistics», посвященного проблемам ономастики. Эта фундаментальная книга содержит семь частей, разбитых на 47 глав, которые написаны 43 авторами из 13 стран и посвящены различным отраслям ономастической науки. Авторы рецензии наиболее подробно рассматривают первые три части книги, в которых рассказывается об общих вопросах ономастической теории, а также о различных аспектах изучения топонимии и антропонимии. Последним четырем частям, носящим более частный характер (посвященным, соответственно, литературной ономастике, социоономастике, взаимодействию ономастики с другими научными дисциплинами, периферийным разрядам онимов), уделяется меньше внимания. Рецензентами отмечается, что широта охвата проблем, интернациональный состав авторов и привлекаемых ими источников, ориентированность на типологический подход при характеристике ономастического материала, изложение как традиционных, так и оригинальных концепций, внушительный список литературы делают издание уникальным источником сведений о состоянии современной ономастики, основных направлениях и перспективах ономастических исследований в мировом масштабе. Знакомство с книгой укрепляет в мысли о необходимости более тесного взаимодействия разных ономастических школ, поскольку некоторые из обсуждаемых в издании проблем в современной отечественной ономастике разработаны более результативно и обстоятельно, чем в англоязычной.",Вопросы ономастики,2016,onomastics
Сулейманова Луиза Рауфовна*,"
Антропонимы арабского происхождения с религиозной семантикой в башкирских шежере"," Башкирские шежере (родословные) являются уникальными письменными памятниками XVI–XIX вв., содержащими ценные историко-этнографические, литературные и лингвистические материалы. Большой интерес представляет антропонимия башкирских родословных, основным предназначением которых была фиксация имен мужчин — представителей рода в хронологической последовательности. С усилением позиций ислама в башкирском обществе значительная часть антропонимов с исходной религиозной семантикой стала заимствоваться из арабского языка. В статье исследуются зафиксированные в башкирских шежере антропонимы арабского происхождения, связанные с исламской религией. Представлена лексико-семантическая классификация антропонимов, отдельному рассмотрению подверглись мусульманские имена башкир, образованные от имен Аллаха и его пророков. Установлено, что семантика изучаемых антропонимов тесно связана с их структурой. Личные имена с религиозной семантикой в основном образованы способом словосложения. Имена Аллаха в составе антропонимов выступают в качестве антропокомпонентов, употребляющихся, согласно религиозным принципам, только с антропоформантами, среди которых особенно частотна морфема габд- ‘раб Божий’. Личные мужские имена, зафиксированные в шежере, образованы от имен 25 пророков, упомянутых в Коране, при этом имя пророка Мухаммада — самый распространенный компонент сложных антропонимов. В статье также рассматриваются фонетические особенности современных башкирских антропонимов в сравнении с именами, зафиксированными в шежере. Выясняется, что сложные антропонимы шежере сохранились только в составе фамилий, в современных же личных именах антропоформанты утрачены.",Вопросы ономастики,2016,onomastics
Шимкевич Николай Валерьевич,"
Об одном парадоксальном типе собственных имен (на примере названий объектов правового пространства н. п. Горный Щит, г. Екатеринбург)"," В статье обосновывается существование в ономастическом пространстве особого типа объектов проприальной номинации — объектов правового пространства. Демонстрируется их существенное отличие от эргонимических объектов (деловых объединений людей). Для обозначения соответствующего класса собственных имен предложен термин темонимы, восходящий к др.-греч. θέμις ‘право, закон, обычай’. На базе темонимов, зафиксированных Единым федеральным реестром сведений о фактах деятельности юридических лиц по селу Горный Щит, которое входит в состав Чкаловского района г. Екатеринбурга, рассматривается номинативная ситуация, характерная для этого класса объектов, иллюстрируется практически полное отсутствие функциональной значимости темонимов как имен собственных: они не уникальны, и для идентификации объектов правового пространства существуют более достоверные показатели, позволяющие определить объект более надежно, — индивидуальный номер налогоплательщика (ИНН ) и основной государственный регистрационный номер (ОГРН). Отсюда ситуация своеобразной «омонимии» среди темонимов, продиктованной в ряде случаев соображениями теневой экономики. Не проявлена у темонимов и привычная для деловой сферы рекламная функция, хотя автор склонен считать, что в узком кругу пользователей она все же реализуется.",Вопросы ономастики,2016,onomastics
Алпатов Владислав Викторович,"
Топонимия с библейскими ассоциациями в Англии и других странах Западной Европы: хронология и мотивация"," В статье представлены классификация и описание топонимов с библейскими ассоциациями из Ветхого и Нового Завета. Материалом, главным образом, служит английская топонимия, однако широко привлекаются параллели из топонимии других стран (в основном Западной Европы): Германии, Франции, отчасти Голландии, Бельгии, скандинавских стран, а также России. Такой подход позволяет описать в хронологическом порядке группы номинаторов и основные мотивы, лежащие в основе таких топонимов в Западной Европе в целом. Условно выделяются два больших периода перенесения библейских названий на европейскую почву — до Реформации, где главным импульсом служат крестовые походы (при этом чаще называются монастыри, замки, орденские поместья), и после Реформации, когда в силу вступает новая библейская парадигма мышления протестантства (при этом называются церкви, частные дома, элементы рельефа и сельхозугодья). Делается вывод о динамике перенесения названий с VII –IX в. до наших дней, устанавливаются пики частотности фиксаций библейских топонимов (XIII –XIV вв. и XVIII –XIX вв.), выявляются доминирующие группы названий в тот или иной период. Отдельно рассматриваются некоторые способы номинации (метафора, языковая игра и др.) и топонимические комплексы (микросистемы); вводится в оборот значительное количество топонимического материала, ранее рассеянного по разным публикациям. Предлагается также собственное объяснение мотивации ряда названий.",Вопросы ономастики,2015,onomastics
Березович Елена Львовна,"
Топонимическое предание и исторический факт           (на материале преданий о разбойниках восточного Вологодско-Костромского пограничья)"," Материалом для статьи служат топонимические предания о разбойниках, записанные Топонимической экспедицией Уральского университета на территории восточного Вологодско-Костромского пограничья. Зонами наиболее активного распространения преданий являются Вохомский район Костромской области и Никольский район Вологодской области. Внутри каждой крупной зоны выделяются очаги, в которых названия, включаемые в топонимические предания, представлены наиболее плотно. В вохомской зоне два очага располагаются соответственно в верхнем и нижнем течении р. Вохма, в Никольской зоне — по берегам р. Юг и в верховьях р. Кема. Авторы стремятся восстановить комплекс исторических, лингвистических и внутритекстовых факторов, влияющих на возникновение и бытование преданий в каждом названном ареале. Реально-исторической предпосылкой существования преданий может быть появление на речных и волоковых путях края лиц, причисляемых народным сознанием к разбойникам, — участников набегов, народных восстаний, беглых крестьян и солдат. В южской зоне сохраняется память о похождениях новгородского ушкуйника Анфала Никитина в XIV в.; предания о разбойном племени сечь, встречающиеся в кемской зоне, могут быть отголоском набегов войск Казанского ханства в XV в. Собственно языковыми стимулами для появления преданий служат топонимы, внутренняя форма которых способствует их народно-этимологическому переосмыслению и конструированию вокруг них «разбойничьих» сюжетов (например, р. Разбойница, фольклорное название Вохма — Золотое Дно). В редких случаях названия отражают реальную историческую действительность (Застава, Сторожевая). В процессе своего функционирования топонимическое предание может утрачивать отдельные сюжетные звенья, «обрастать» новыми эпизодами, перестраиваться под влиянием типологически значимых фольклорных схем, втягивать в свою сферу новые топонимы, допуская их ремотивацию и даже внешнее переоформление.",Вопросы ономастики,2015,onomastics
Гордова Юлиана Юрьевна,"
Топонимическая стратиграфия Среднего (рязанского) Поочья: результаты совмещения ареалов субстратной топонимии с ареалами археологических культур"," В статье продемонстрированы потенциал и результаты интегративного подхода к решению задач этноисторической реконструкции. Опираясь на данные двух наук — ономастики и археологии — автор делает попытку выявить соотношение ареалов субстратной топонимии Среднего (рязанского) Поочья с ареалами известных на этой территории археологических культур. Согласно результатам исследования, основные типы неславянской топонимии Среднего Поочья коррелируют с важнейшими археологическими культурами региона: фатьяновской, шагарской, городецкой, культурами мери, муромы, мещеры, мордвы. На этой основе, с учетом новейших этимологий субстратных названий, в статье восстанавливается топонимическая стратиграфия древнейших периодов: эпохи неолита, бронзы, раннего железного века. По заключению автора, формирование основной гидронимической сетки Среднего Поочья возможно относить к эпохе бронзы и, с большой вероятностью, к региональным культурам шнуровой керамики и боевых топоров — фатьяновской и шагарской, а формирование основных топонимических ареалов северо-восточной части региона, наоборот, к более позднему времени: ко 2-й пол. I тыс. н. э. — нач. II тыс. н. э. В статье особо отмечается, что в решении вопросов этнокультурной атрибуции населения тех районов, которые слабо изучены в археологическом отношении, определяющую роль получают топонимические данные. Топонимические свидетельства приобретают особую значимость и в тех случаях, когда интерпретация имеющихся археологических материалов является спорной или неполной.",Вопросы ономастики,2014,onomastics
Матисон Андрей Викторович,"
Имена и фамилии православных священно-церковнослужителей и членов их семей в XVIII в.     (на примере духовенства Ржева и Осташкова)"," Статья посвящена именам и фамилиям духовенства двух городов Тверской епархии — Ржева и Осташкова — в XVIII в. Источниками материала послужили данные государственных архивов (материалы ревизий духовенства, а также документы духовной консистории), публикаций в местной дореволюционной печати и др. В первой части статьи осуществляется статистический анализ состава имен православных священно-церковнослужителей и членов их семей (как мужчин, так и женщин) Ржева и Осташкова. Далее полученные данные, представленные в виде таблиц, сравниваются с аналогичными сведениями об именах жителей Твери, Бежецка и других городов Центральной России. Сопоставление имен священно-церковнослужителей с антропонимиконом представителей других сословий, в частности с антропонимиконом уездного и столичного дворянства, приводит к выводу о большей значимости местных традиций именования по сравнению с традициями наречения внутри социальных групп. Во второй части статьи анализируется состав, особенности возникновения и функционирования фамилий священно-церковнослужителей тех же городов. В отличие от посадских, у которых к XVIII в. наследственные фамилии уже оформились, процесс образования фамилий у священно-церковнослужителей к этому времени еще не был завершен. Среди фамильных прозваний клириков наиболее часты те, что образованы от прозвищ, помимо них выделяются фамилии, данные по занимаемым клириками церковным должностям; в соответствии с названиями церквей, при которых служили представители той или иной семьи; образованные от географических наименований, а также от личных имен, и искусственно созданные семинарские фамилии.",Вопросы ономастики,2014,onomastics
Воронцова Юлия Борисовна,"
Коллективные прозвища жителей восточного вологодско-костромского пограничья:                 материалы к словарю"," В данной публикации представлены коллективные прозвища, записанные Топонимической экспедицией Уральского федерального университета на территории восточного вологодско-костромского пограничья: в Вохомском, Октябрьском, Павинском, Шарьинском районах Костромской области, а также в Никольском районе Вологодской области в 2009–2013 гг. Словарная статья включает в себя коллективное прозвище, которое может подаваться с ономасиологическими вариантами, один из которых содержит уточняющий оттопонимический компонент, например ВОДОХЛЁБЫ и ВОХМЯКИ-ВОДОХЛЁБЫ. Объектами номинации коллективных прозвищ могут быть жители какого-либо административного образования (деревни, поселка, сельсовета) или же население территории, выделенной на физико-географических основаниях (например, бассейна реки). В факультативной части словарной статьи приводятся контексты, параллельные названия того же объекта номинации (например, БУСÁРЫ // НЕМЫТИКИ), указание на значения диалектных слов и сведения о прозвищах жителей смежных объектов, которые созданы по сходной модели номинации (например, ВОРÓНЫ — СКВОРЦЫ). Завершает публикацию географическая песня, которая содержит характерологические наименования жителей Петрецовского сельского совета Вохомского района Костромской области (такие номинации по семантике и по контекстным условиям функционирования близки коллективным прозвищам, которые также могут содержаться в географических песнях).",Вопросы ономастики,2014,onomastics
Кабинина Надежда Владимировна,"
Народная топонимическая геометрия (на материале названий озер Архангельской области)"," В статье на материале топонимии Архангельской области рассматриваются исконно русские и субстратные (финно-угорские) лимнонимы, характеризующие озерные водоемы по признаку формы. В соответствующем корпусе русских и субстратных лимнонимов региона выявляются основные семантические подтипы, детально описываются способы и средства их языковой репрезентации. Особое внимание уделяется анализу отношений в рамках семантических микросистем лимнонимов, что позволяет верифицировать уже имеющиеся этимологии субстратных названий и предлагать этимологические решения для ряда топооснов, пока не получивших объяснения. В авторской аргументации этимологий лимнонимов широко используются данные топографических карт, дающие возможность соотнести собственно лингвистические гипотезы с реальными физико-географическими характеристиками объектов. Разносторонний лингвистический анализ материала завершается рядом выводов, тесно связанных с перспективами исследования субстратной топонимии Европейского Севера России. В выводах подробно обсуждаются историческая роль лимнонимии в организации топонимического пространства, специфика языкового видения озер русским и финно-угорскими народами, сходства и различия русской и финно-угорской образной лимнонимии, особенности происходивших в прошлом процессов калькирования озерных наименований. Здесь же представлен ряд выявленных автором новых этнодифференцирующих саамских и прибалтийско-финских топооснов; приводятся наблюдения, связанные с дискуссионными проблемами этимологизации названий крупнейших озер Русского Севера — Кенозеро, Лача и Воже.",Вопросы ономастики,2013,onomastics
Ганжина Ирина Михайловна,"
Реструктуризация христианских личных имен в преднациональный период: имена на -а, -ия (-ья)"," Статья представляет собой часть цикла, посвященного исследованию деривации территориальной системы форм христианских личных имен в преднациональный период. В нем на материале антропонимов, зафиксированных в тверских деловых текстах XVI–XVII вв., рассматривается, как в народной речи происходила структурная перестройка полных форм мужских личных имен. Объектом анализа в первой статье цикла является один парадигматический класс полных форм христианских личных имен — образования с финалью -а, -ия (-ья). В реальном употреблении полные народно-разговорные формы имен, как и (в еще большей степени) квалитативы, в исследуемый период были внутренне не едины, чрезвычайно разнообразны и представлены большим количеством фонетических и морфологических вариантов, связанных прежде всего с фиктивным членением и формальным преобразованием основы антропонимов. В статье выявляются словообразовательные механизмы, способствовавшие вхождению иноязычных личных имен в ономастическую систему русского языка и появлению многочисленных обиходных форм имен, связанных с формальной модификацией псевдоморфем (их усечение, наращение, взаимозамена). Структурное переоформление, формально-ассоциативные отношения внутри антропонимического словообразования стирали разницу между полными и квалитативными формами, поскольку и те, и другие могли иметь в своем составе одинаковые компоненты. Структурные преобразования онимов сопровождались фонетическими изменениями. Именно совокупность словообразовательных и фонетических вариантов образует неповторимый антропонимический «узор» на любой отдельно взятой территории.",Вопросы ономастики,2013,onomastics
Романова Татьяна Павловна,"
«Русское поле» в рекламной номинации"," В статье исследуются рекламные собственные имена, маркирующие культурное пространство России. Их коннотативное значение содержит российский этнокультурный маркер (РЭМ), для актуализации которого в рекламном дискурсе используется поликодовый текст, представляющий собой интегрированный комплекс семантико-стилистических и символических знаков вербального и визуального характера. В статье анализируются вербальные средства выражения российского этнокультурного компонента в рекламной номинации. Это лексико-семантические средства и стилистические особенности номинативных единиц; национально-культурные прецедентные феномены, которые репрезентирует лексика, отражающая элементы русской материальной и духовной культуры, понятия из сферы российской истории, этнонимы, безэквивалентная лексика, историзмы и архаизмы, прецедентные личные имена и топонимы, фигуры русской разговорной речи. В качестве дополнительных средств актуализации РЭМ используются графические средства и модели образования рекламных имен. В статье рассматриваются три основные функции РЭМ-номинаций: информативно-прагматическая, фатическая и коннотативная, — определяются сферы их использования в рекламном дискурсе, главными среди которых являются коммерческая номинация российских государственных предприятий и марок товаров, а также маркировка экспортируемых товаров и услуг. Российские этномаркированные номинации объединяются в открытую, динамично развивающуюся систему, которую можно представить в виде полевой структуры — ядро составляют рекламные номинации, включающие этнонимы, безэквивалентную лексику, прецедентные национально-культурные символы, а периферию — все русскоязычные наименования.",Вопросы ономастики,2013,onomastics
Борисова Елизавета Олеговна,"
Из Материалов к словарю русских оттопонимических дериватов"," В публикации представлены материалы к словарю русских оттопонимических дериватов, составленные на основе данных диалектной и общенародной лексики, извлеченной из различных словарей (в том числе сводного «Словаря русских народных говоров», «Словаря современного русского литературного языка»), неопубликованных полевых картотек русского языка, а также «Национального корпуса русского языка». Производящими основами служат географические названия России — как макротопонимы (Сибирь → сибирка ‘большой кусок вареного мяса’, Дон → донская шуба ‘нарядная женская казачья шуба, скроенная книзу шире, опушенная по подолу и полам’), так и обозначения микрообъектов (урочище Федоровцевская в Холмогорском районе Архангельской области → федоровцевский кофей ‘напиток на основе чаги’). Лексикографическая интерпретация материала осуществляется по тематическому принципу. Описываются несколько тематических подгрупп, входящих в более широкую группу наименований объектов материальной культуры: «Одежда, обувь и головные уборы», «Пища и напитки», «Сельскохозяйственный инвентарь» и «Транспорт». Для каждого деривата указывается производящая топонимическая основа. Представленные материалы имеют ценность как в этнолингвистическом плане (служат источником этнокультурной информации), так и с точки зрения этимологии и мотивологии.",Вопросы ономастики,2013,onomastics
Шапошников Александр Константинович,"
Древнеславянская топонимия Новгорода
Рец. на: Васильев В. Л. Славянские топонимические древности Новгородской земли. — М. : Рукописные памятники Древней Руси, 2012. — 816 с."," В публикации анализируется монография В. Л. Васильева «Славянские топонимические древности Новгородской земли», посвященная проблемам структурной типологии, этимологизации и этноисторической интерпретации древненовгородских географических названий. Автор оценивает рецензируемую работу как концептуально насыщенную, глубокую, отличающуюся богатством ономастического материала, методическим мастерством, многосторонностью и точностью аргументации этимологий. В рецензии отмечается, что одним из наиболее значимых результатов исследования           В. Л. Васильева является реконструкция и систематизация большого числа антропонимов, бытовавших в регионе Новгородской земли до конца древнерусского периода и позднее забытых. По общему мнению автора монографии и рецензента, именно архаичная деантропонимная топонимия — в сравнении с отапеллятивной — дает наиболее надежную основу как для обобщенной хронологизации, так и для этноисторической интерпретации языковых стратов. Высоко оценивая типологическую аргументацию этимологических решений В. Л. Васильева, рецензент все же неоднократно обращает внимание на возможность дополнения внутриславянских глосс иными языковыми параллелями — германскими (для названий на -мир-/-мер-, Оне-/Оно-), кельтскими (для топоосновы Велынь, Волынь), иранскими (для названия Хилово), балтийскими (для топоосновы Водос-) и др. Автор рецензии предлагает альтернативные мотивационные и этимологические решения для названий Будогощь, Ждажерино, Имоволоже, Сеславль, Уторгош, Хуба, Часловица, Чесловле и др.",Вопросы ономастики,2013,onomastics
Сурикова Олеся Дмитриевна,"
Отсоматические образования с приставкой без-           в русском и украинском антропонимиконе"," В статье представлен анализ функционирования модели «без + соматизм» по данным русской и украинской антропонимии (фамилий, коллективных, семейных и индивидуальных прозвищ), с использованием семантико-мотивационного и лингвостатистического методов анализа. Выявляются наиболее продуктивные основы с соматическим значением (являющиеся производными для самых частотных фамилий), определяются внеязыковые и собственно лингвистические причины активности участия основ, обозначающих части тела, в образовании антропонимов. Отсоматические антропонимы с приставкой без- подразделяются на группы в зависимости от категориальной принадлежности части тела, указанной во внутренней форме, что позволяет проследить ценностный характер прозвищной антропономинации. На основании статистических данных делаются некоторые выводы об ареале исследуемых фамилий и о семантическом объеме лексем, служащих производящими основами для антропонимов.",Вопросы ономастики,2013,onomastics
Герасимович Ольга Викторовна,"
Триада «Вера, надежда, любовь» сквозь призму ономастической номинации (на материале восточнославянских языков)","  Объектом анализа в статье являются составляющие триаду женские личные имена Вера, Надежда, Любовь и их восточнославянские соответствия, которые рассматриваются с точки зрения их соотнесенности с апеллятивными «омонимами» – обозначениями высших христианских ценностей. Триада активно задействуется в номинации разного рода материальных (религиозных / нерелигиозных) и нематериальных объектов (общественных институций, событий), о чем свидетельствуют данные интернет-источников.",Вопросы ономастики,2011,onomastics
И.В. Кузнецов,"К лингвистическим воззрениям Франца Боаса
","Франца Боаса (1858–1942) признают отцом-основателем не только современной антропологии (культурной, биологической), но и антропологической лингвистики. Начав с естественнонаучных штудий в ряде немецких университетов, он затем заинтересовался культурой и языками коренных народов Северной Америки. В особенности Боаса интересовала роль апперцепции в усвоении языка. В дальнейшем результаты наблюдений над восприятием языка будут перенесены им на широкое поле культуры, а действию апперцепции уподоблен процесс аккультурации — прививания каждому отдельному члену общества культурных норм и ценностей. Уже ранние публикации Боаса содержат истоки идеи языковой относительности, оформившейся впоследствии в т. н. «гипотезу лингвистической относительности Сепира — Уорфа». Чрезвычайно интересно и оригинально боасовское отношение к концепции фонемы, формирование которой падает именно на годы творческой активности и наиболее ярких достижений школы Боаса. Наконец, особенности стиля полевых исследований этого американского ученого, как и «аналитизм» в его работе над грамматиками индейских языков, безусловно повлияли на развитие дескриптивной лингвистики в целом.
",Вопросы языкознания,2023,history of linguistics
С.И. Буркова,"Модальность возможности и необходимости в русском жестовом языке
","В настоящей статье рассматриваются мануальные и немануальные средства выражения модальных значений возможности и необходимости в русском жестовом языке (РЖЯ). Показано, что за счет комбинации мануальных жестов, немануальных маркеров и средств несегментной морфологии (в частности, изменения характера движения) РЖЯ способен передавать тонкие оттенки модальных значений. При этом в нем отчетливо разграничиваются семантические зоны модальности субъекта P и эпистемической модальности: в зоне модальности субъекта P основными и обязательными средствами выражения являются мануальные жесты, а в зоне эпистемической модальности — немануальные маркеры. Кроме того, в статье обсуждается этимология мануальных показателей возможности и необходимости в РЖЯ: некоторые представляют собой исконные жесты, в которых модальное значение в большинстве случаев передается при помощи характерной для жестовых языков визуальной метафоры «от образа к значению»; другие являются результатом лексикализации заимствования из русского звукового языка или производны от жестикуляции, используемой слышащими людьми. В статье также показано, что в членении семантической зоны модальности РЖЯ демонстрирует отличия как от окружающего русского звукового языка, так и от ряда национальных жестовых языков.
",Вопросы языкознания,2023,pragmatics
А.А. Русских,"Количественные конструкции со значением полного охвата в типологической перспективе
","Настоящая работа является типологическим исследованием количественных конструкций со значением полного охвата в 105 языках. Под количественными конструкциями со значением полного охвата понимаются такие случаи, когда квантифицируемая группа выражает выбор N предметов из множества N, как русск. оба, франц. tous les trois ‘все три’ и чуваш. ik aʨ-i꞊de [два ребенок-P_3꞊ADD] ‘оба ребенка’. В работе на материале 105 языков, данные для которых получены преимущественно из грамматик и словарей, выявляются возможные стратегии кодирования значения полного охвата в количественных конструкциях в языках мира и их дистрибуция. В ряде языков конструкции со значением полного охвата образуются с помощью показателей или синтаксических конструкций, которые используются также в других функциях. В таких случаях нами рассматриваются смежные функции и их предполагаемая семантическая связь со значением полного охвата.
",Вопросы языкознания,2023,"typology, syntax"
М.Г. Меленченко,"Эвиденциальный перфект в шугнанском языке
","В статье с семантической точки зрения рассматривается одна из видовременных форм шугнанского языка, традиционно именуемая перфектом. Эта форма имеет много ареально-типологических сходств с перфектами в других языках Западной и Центральной Азии. В частности, шугнанский развил эвиденциальное противопоставление между претеритом и перфектом, в котором перфект используется для незасвидетельствованных событий. Он также выражает экспериенциальную и ирреальную семантику. Выделяется небольшой класс «стативно-перфектных» глаголов, у которых форма перфекта выражает состояние в настоящем. Кроме того, в статье анализируются «миративные» употребления глагола ‘быть’ в форме перфекта, а также употребление перфектных форм в нарративах.
",Вопросы языкознания,2023,morphology
Н.В. Макеева,"Фонетические и фонологические свойства признака продвинутости корня языка в языках Африки
","В статье содержится обзор фонетических и фонологических свойств признака продвинутости корня языка, или ATR (advanced tongue root), широко распространенного в нигеро-конголезских и нило-сахарских языках макросуданского пояса. Фонетический раздел статьи посвящен артикуляторным и акустическим коррелятам признака ATR. Обзор артикуляторной базы представлен в исторической перспективе, от первых рентгенографических исследований 1960-х годов до ларингоскопических исследований последних лет. В статье показано, как появление новых методов позволило сместить фокус внимания с движения корня языка, которому изначально отдавалась ведущая роль в создании контраста, на черпалонадгортанное сжатие и синергетическую систему механизмов гортани. Рассматриваются такие акустические параметры, связанные с ATR, как частота первой форманты, ширина полосы первой форманты, среднее спектральное, разность амплитуд первых двух формант. Также в работе уделено внимание широко обсуждавшимся в литературе сходствам и различиям между признаком ATR и признаками подъема и напряженности артикуляции. Фонологический раздел статьи включает обзор систем гармонии гласных по признаку продвинутости корня языка. Основное внимание уделено устойчивой межъязыковой тенденции, согласно которой доминантность того или иного значения признака ATR в языке зависит от инвентаря гласных: в подавляющем большинстве языков, имеющих противопоставление по признаку ATR хотя бы для верхних гласных, доминантным является значение [+АТR], тогда как значение [–АТR] является доминантным в тех языках, где контраст имеется только для гласных среднего подъема. Рассмотрены также основные паттерны распространения доминантного значения (ассимилятивная доминантность, аллофоническая доминантность, фузионная доминантность) и их дистрибуция в языках с двумя основными типами вокалической системы.
",Вопросы языкознания,2022,"phonetics, phonology"
В.А. Баранов,"Трансформации лексического ряда животъ — жизнь — житие: опыт лингвостатистического описания
","В статье впервые дано лингвостатистическое описание исторических трансформаций лексического ряда животъ — жизнь — житие в старославянской и древнерусской письменности с опорой на материалы исторического корпуса «Манускрипт» (manuscritps.ru) на фоне праславянской реконструкции, инославянских данных и современного употребления. Указанные лексемы образовывали синонимический ряд начиная с первых памятников письменности, что отражает праславянское состояние. Во всех славянских языках этот ряд подвергся коренной перестройке. Если в русском языке он изменился в ряд жизнь — житьё — житие, где стилистически нейтральным является лишь слово жизнь, то в других славянских языках лексема жизнь перестала употребляться. Предложено объяснение семантическому преобразованию слова живот, значение части тела у которого развилось под польским влиянием в XVI в. Опровергнуты утверждения о преславском происхождении лексемы жизнь и о ее заимствовании в древнерусской письменности. Лингвостатистическое описание показало, что квантитативные формулы отношений внутри лексического ряда и перечней коллокатов его членов не только коррелируют с тематическим и жанровым своеобразием подкорпусов Евангелий, поучений Ефрема Сирина, миней и стихирарей, а также летописей, но и точно отражают структурные свойства и текстологические особенности составляющих подкорпусы текстов. Дистрибутивно-квантитативные показатели свидетельствуют о доминирующем положении лексемы житие в книжной письменности. В ходе анализа найдены ключевые точки в трансформациях лексического ряда, включая наметившуюся тенденцию к доминированию лексемы жизнь.
",Вопросы языкознания,2022,"etymology, semantics"
Е.А. Ренковская,"Потомки древнеиндийского apara ‘другой’ в роли показателей ассоциативной множественности в новоиндийских языках: распространение и грамматическое развитие
","Настоящая статья посвящена показателям ассоциативной множественности в новоиндийских языках, восходящим к древнеиндийскому apara ‘другой’. Ассоциативная множественность как грамматическое явление в новоиндийских языках практически не изучалась, при этом формы такого типа множественности представлены во многих из них. В большом количестве случаев маркерами такого типа множественности выступают рефлексы древнеиндийского слова apara ‘другой’, присоединяющиеся постпозитивно к имени. Интересной особенностью данных маркеров является то, что во многих языках они под влиянием разного рода факторов, среди которых не последнюю роль играют контакты с неиндоарийскими языками, утрачивают изначальную функцию и приобретают другое грамматическое значение.
",Вопросы языкознания,2021,morphology
В.Ю. Гусев,"К типологической характеристике северносибирского субстрата
","В статье рассматривается несколько типологически редких черт языков Северной Сибири (ненецкого, энецкого, нганасанского, эвенкийского, негидальского, эвенского, а также юкагирского и чукотского): вопросительное наклонение глагола, интраклитики, именное время, полисемия ‘настоящий’ / ‘автохтонный’. Эти черты отсутствуют в языках, расположенных южнее, в том числе в других уральских и тунгусо-маньчжурских языках, и, следовательно, носят ареальный характер. С другой стороны, источником их не может быть ни один из существующих ныне языков, и, следовательно, их происхождение надо приписать влиянию общего субстрата. Те же черты хорошо представлены в современных эскимосско-алеутских языках. Перечисленные особенности позволяют сделать некоторые предположения о типологическом профиле языков, на которых говорили в Северной Сибири 1000–2000 лет назад. Они отличались от языков урало-алтайского типа, но, вероятно, были типологически схожи с эскимосско-алеутскими.
",Вопросы языкознания,2021,"typology, morphology"
М.Л. Федотов,"Определение каритива как сравнительного понятия
","В статье представлена попытка дать определение сравнительного понятия каритива (ср. Иван пришел без Маши), которое можно было бы использовать в типологических исследованиях. В статье обсуждаются недостатки существующих на данный момент определений и формулируются принципы, которым должно соответствовать предполагаемое определение. Одним из главных принципов является исключение из определения каких-либо морфосинтаксических понятий, что позволит сделать его применимым ко всем языкам мира. Определяется список контекстов, которые должно охватывать определение, а также контексты, которые оно охватывать не должно (такие, как У Ивана нет детей). Обсуждаются те свойства, которыми обладают все выбранные контексты. В результате формулируется следующее определение каритива: каритив описывает невовлеченность в ситуацию (в частном случае отсутствие в ней) некоторого участника (абсенса), при этом предикация невовлеченности является семантическим модификатором этой ситуации или участника некоторой другой ситуации. Обсуждается ряд аспектов применения полученного определения к разноструктурным языкам.
",Вопросы языкознания,2020,semantics
М.В. Ермолова,"О соотношении -л-форм и причастий на -ъш-/-въш- в древнерусском языке
","Традиционно считается, что -л-форму без связки, употребленную не в перфектном значении, следует рассматривать как бывшую форму бессвязочного перфекта, превратившегося в живой речи в единственную форму прошедшего времени. Однако анализ русских летописей показал, что примеры с таким употреблением в нарративе распределяются на несколько типов контекстов. Данная статья посвящена одной из таких групп, использование в которой -л-формы оказывается последовательным и закономерным, если интерпретировать ее как употребленную в функции причастия прошедшего времени на -ъш-/-въш-. Эта гипотеза подтверждается как отдельными языковыми фактами из истории русского языка, так и материалом других славянских языков. В работе показано, что, по всей видимости, можно говорить о функциональной синонимии двух причастных образований на -л- и -ъш-/-въш-.
",Вопросы языкознания,2020,morphology
М.А. Холодилова,"Специализированные относительные местоимения, образованные от вопросительных, в славянских языках
","В некоторых славянских языках существуют относительные местоимения, образованные от вопросительных с помощью дополнительных показателей, таких как ‑то в болгарском, ‑r в словенском, што в македонском. Такие местоимения занимают различное положение в системах релятивизации славянских идиомов, конкурируя с относительными местоимениями, не содержащими дополнительных маркеров: в некоторых языках (в современных литературных вариантах словенского, болгарского и лужицких) центральное положение в системе занимают специализированные относительные местоимения, в некоторых (прежде всего в чешском и польском) их использование ограничено немногочисленными контекстами, в третьих (в литературном македонском, а также в ряде славянских идиомов, отличных от литературных языков) в относительных конструкциях широко представлены как специализированные относительные местоимения, так и местоимения, совпадающие с вопросительными. Несмотря на значительные различия в статусе специализированных местоимений в рассматриваемых языках, можно показать, что их дистрибуция подчиняется некоторым сходным закономерностям. Появление маркеров более характерно для левой части семантической иерархии относительных конструкций, предложенной А. Гросу и Ф. Ландманом: «нерестриктивные — рестриктивные — максимализирующие».
",Вопросы языкознания,2020,morphology
С.В. Науменко,"Опыт нормирования правописания в «Словаре Академии Российской» 1789–1794 гг.
","Статья посвящена исследованию орфографической составляющей первого академического толкового словаря русского языка — «Словаря Академии Российской» 1789–1794 гг., созданного в сложную эпоху выработки русского литературного языка нового типа и формирования облика общенациональной правописной нормы. Дается общая характеристика особенностей правописания этого периода, анализируется состоятельность заявленной в словаре орфографической концепции, сложности и итоги ее реализации, определяются пределы орфографической вариативности, отражающей спорный характер теории и практики письма XVIII в., а также степень влияния предшествующих теоретических работ и письменного узуса на регламентацию. Устанавливается дифференцированность орфографических подсистем словаря, степень жесткости и последовательность нормативных предписаний в зависимости от позиции слова. Обсуждаются алфавитный указатель к разным выпускам словаря, заглавное слово статьи и иллюстративный материал. Особое внимание уделяется выявлению факторов выбора предлагаемых словарем стратегий нормализации спорных написаний, в частности, префиксов на -с/з-; непроверяемых безударных гласных а/о в корне, гласных о/е после шипящих, корней -гар/гор- и -раст/рост-, сочетаний -ъи/ы- на стыке префикса и корня, ъ и ь в позиции абсолютного конца слова после шипящих, корневого ѣ, -цы/ци- в корне и др.
",Вопросы языкознания,2020,orthography
В.И. Киммельман,"Syntax of relativization in Russian Sign Language: Basic features [Синтаксис релятивизации в русском жестовом языке: основные свойства]
","В данной статье дается первое описание синтаксиса предложений с относительным придаточным в русском жестовом языке (РЖЯ). Данные для исследования были собраны от девяти носителей РЖЯ при помощи задания с использованием картинок. В общей сложности было собрано 88 примеров использования относительной конструкции с вершиной-существительным в роли подлежащего или прямого дополнения в главной и относительной клаузах. Мы обнаружили, что РЖЯ использует постноминальные относительные клаузы с внешней вершиной, а также клаузы с внутренней и с двойной вершиной. Главная клауза может подвергаться удвоению, так что ее часть повторяется после относительной клаузы. Относительная клауза может содержать необязательные относительные элементы КОТОРЫЙ и УК (указательный жест) в начальной либо конечной позиции, или же в обеих позициях в относительной клаузе, и эти элементы могут комбинироваться. Наконец, мы обнаружили, что относительные придаточные практически всегда просодически обособлены от главной клаузы. Самыми частыми немануальными маркерами в конструкциях с относительными придаточными являются моргания; кроме того, иногда используются повороты и наклоны головы, поднятие бровей и прищур. В то же время, ни один из этих маркеров не является исключительно маркером относительных придаточных: все они или просто маркируют границы просодических единиц (моргания), или имеют другие функции (которые мы пока не можем полностью идентифицировать). Мы делаем вывод, что относительные придаточные РЖЯ в целом соответствует паттернам, обнаруженным в других жестовых и звуковых языках. Тем не менее, мы также обнаружили конкретные отличия РЖЯ от других языков, особенно в области немануального маркирования.
",Вопросы языкознания,2020,syntax
О.В. Федорова,"Отечественная психолингвистика: вчера, сегодня, завтра (субъективные заметки об изучении механизмов порождения и понимания речи)
","В статье содержится обзор истории отечественной психолингвистики, а именно той ее ядерной части, которая посвящена изучению механизмов порождения и понимания речи, а также исследованиям устройства «ментального лексикона» человека. Обзор представлен в контексте истории развития мировой психолингвистической науки по В. Лефельту. Подробно описано возникновение российской психолингвистики в начале ХХ в., ее становление во второй половине ХХ в., современное состояние и перспективы ее дальнейшего развития в первой половине XXI в. Основное внимание уделено описанию двух ведущих отечественных психолингвистических школ — Петербургской школы, идущей от работ Л. В. Щербы, и Московской школы, неразрывно связанной с именем А. А. Леонтьева. Ключевым термином данной работы является термин «эксперимент». В статье показано, насколько по-разному он трактуется в исследованиях психолингвистов разных школ и направлений. В работе дается подробное описание двух экспериментальных исследований. Первое исследование, выполненное американскими учеными при помощи метода регистрации движений глаз, посвящено феномену синтаксической неоднозначности, играющему важную роль при тестировании моделей синтаксического анализа предложений в процессе понимания речи. Второе исследование, выполненное московскими учеными с использованием метода ассоциативного эксперимента, описывает языковое сознание носителей русского языка. В заключительной части подводятся итоги, делается вывод о господствующей научной парадигме в современной отечественной психолингвистике, а также обсуждаются перспективы развития отечественной психолингвистики с точки зрения концепции Т. Куна о «научных парадигмах» и «научных революциях».
",Вопросы языкознания,2020,"psycholinguistics, history of linguistics"
Э.Ф. Керо Хервилья,"Лексикографическое описание эмоционально-оценочной лексики в русском и испанском языках
","Целью настоящей статьи является исследование аксиологического прагматического аспекта семантики на материале русской и испанской лексики, включающей общий сленг, которая выражает положительную и отрицательную эмоциональную оценочность. Подобное исследование способствует разрешению многочисленных проблем постановки лексикографических помет и созданию системы экспрессивных помет, которая может быть использована в лексикографической практике различных языков, а также при переводе. Авторы настоящей статьи исходят из предположения, что эмоциональная оценочность может быть определена и описана на основе лингвистических маркеров, через компоненты, доступные объективному анализу и компьютерной обработке данных; другими словами, представляется возможным объективировать языковую интуицию исследователя, используя лингвистические критерии и лексикографическое описание, что, в свою очередь, может быть использовано в теории лексикографического описания и создании компьютерных баз данных. Представлен обзор истории исследования категорий: оценка, эмоциональная оценочность, эмотивность, эмоциональность и экспрессивность. Выделены виды положительной и отрицательной эмоциональной оценочности. На основании теоретических предпосылок представлен «Словарь эмоционально-оценочной лексики русского языка c испанскими эквивалентами» DILEXVAL (ДИЛЕКСВАЛ).
",Вопросы языкознания,2019,lexicography
И.Ф. Рагозина,"Доказательство от противного в предложении и тексте
","Настоящая статья посвящена доказательству от противного (ДОТПР), его логике, прагматике и средствам выражения в русском языке. Было установлено, что основной коммуникативно-прагматической функцией ДОТПР является опровержение, которое реализуется в двух логико-аргументативных модификациях: Нет- и Да_нет-опровержение, когда осуществляется опровержение утвердительного или отрицательного тезиса собеседника. ДОТПР осуществляет также когнитивную функцию, когда нет спора, а имеет место просто доказательство истинности гипотезы-версии, выдвинутой самим рефлексирующим субъектом. Непосредственными синтаксическими контейнерами ДОТПР являются ирреально-условное предложение, несобственно-условная конструкция с риторическим осложнением и предложение альтернативной мотивации. Деривация всех этих структур обеспечивается, помимо всего прочего, за счет оформления аподозиса (главной части конструкции) в виде риторических вопросов, специфика которых определяется особенностями пропозициональной семантики самих структур. Материалом для анализа послужили фрагменты из произведений Ф. М. Достоевского.
",Вопросы языкознания,2019,pragmatics
И.А. Мельчук,"Semantics in syntax: Linear ordering of genitive adnominal dependents cosubordinated to a noun in Russian [Семантика в синтаксисе: упорядочение соподчиненных генитивных зависимых существительного в русском языке]
","В настоящей статье предлагаются формальные правила линейного упорядочения соподчиненных приименных генитивных зависимых в русском языке. Зависимые Nɢᴇɴᵢ взаимно упорядочиваются в первую очередь в соответствии с поверхностно-синтаксическим отношением, подчиняющим каждый данный Nɢᴇɴᵢ (таких отношений шесть). Кроме того, в ряде случаев на размещение Nɢᴇɴᵢ влияет его собственный смысл; так, если в конструкции N→Nɢᴇɴᵢ существительное Nɢᴇɴ выражает тип референта существительного N, то этот Nɢᴇɴ предшествует всем остальным Nɢᴇɴᵢ. Упорядочение соподчиненных генитивов (в основном синтаксическое) сравнивается с упорядочением соподчиненных прилагательных, порядок которых определяется иерархией их семантических классов (то есть семантически).
",Вопросы языкознания,2019,"semantics, syntax"
В.И. Киммельман,"Метафоры в жестовых языках: глаголы эмоций и ментальной сферы в русском жестовом языке
","Настоящее исследование рассматривает стратегии метафорических переносов в жестах русского жестового языка (РЖЯ), обозначающих эмоции и ментальную деятельность. Несмотря на широкую популярность, которую в последние годы приобрела тема семантических расширений слов в жестовых языках, метафоры редко исследуются на материале РЖЯ. В фокусе этого исследования ситуации, в которых жест РЖЯ при семантическом расширении меняет свою форму. Для того чтобы обеспечить репрезентативность данных, мы использовали комбинированный метод сбора информации, включающий в себя анализ словарей, корпусных данных и опросы носителей. Мы анализируем разные способы изменения формы жеста в метафорических употреблениях и предлагаем им теоретическое объяснение.
",Вопросы языкознания,2019,metaphor studies
Д.О. Добровольский,"Идиоматичность дублетных форм
","В статье рассматриваются выражения вот-вот, вон-вон, ну-ну, ку-ку, так-так, нет-нет и некоторые другие, образованные в результате редупликации. Данные единицы обнаруживают нетривиальное сочетание свойств, связанных с иконичностью и идиоматичностью. Показано, что некоторые из них в определенных значениях являются идиомами, другие оказываются идиоматичными, не будучи идиомами, а у третьих отсутствует даже минимальная степень идиоматичности значения. Степень идиоматичности обратно пропорциональна иконичности семантики. Дублетная форма нет-нет идиоматична в том смысле, что имеет специфическую сферу действия, распространяющуюся на различные слои плана содержания предшествующего контекста и отличающуюся от сферы действия обычного отрицания. В статье рассматриваются примеры использования формы нет-нет, демонстрирующие разнообразные особенности ее семантической сферы действия.
",Вопросы языкознания,2019,semantics
О.Д. Сурикова,"К реконструкции лексического состава проклятий: категория актора и особенности ее реализации в текстах (на материале русских народных говоров).
","Материалом для статьи послужили формулы проклятий, извлеченные из диалектных словарей русского языка и неопубликованных полевых источников. Рассмотрев логико-смысловую структуру проклятий, авторы статьи останавливаются на категории актора, отличающейся широким репертуаром смысловых ролей и богатством средств лексического воплощения. Под актором понимается существо, предмет, явление, которое, по мысли исполнителя проклятия, должно причинить вред проклинаемому. Выделяются логические роли, в которых выступает актор в текстах проклятий; определяются семантические типы лексики, выступающей в роли актора. Особое внимание уделяется так называемым квазиакторам, которые являются контекстно обусловленными и не функционируют как самостоятельные номинативные единицы; изучаются языковые механизмы, способствующие появлению квазиакторов (лексическая инерция, отглагольная деривация). Исследуется роль языкового табу в процессах номинативного воплощения категории актора. На основе выделенных особенностей осуществляется семантико-мотивационная и этимологическая реконструкция ряда слов, функционирующих в проклятиях.
",Вопросы языкознания,2018,"semantics, etymology"
И.А. Мельчук,"Генитивные приименные зависимые в русском языке: поверхностно-синтаксические отношения в словосочетаниях вида N→NГЕН.
","Предлагаются шесть поверхностно-синтаксических отношений [ПСинтО] для синтаксического описания русских словосочетаний вида N→NГЕН; эти ПСинтО подробно обсуждаются и иллюстрируются. Представлены три критерия различения типов ПСинтО (C1–3). Рассматривается проблема прономинализации приименных генитивов.
",Вопросы языкознания,2018,syntax
Н.Р. Сумбатова,"Основания именных классификаций: от семантики до фонологии
","В статье рассматриваются некоторые проблемы, связанные с описанием и интерпретацией категории грамматического рода (именного класса). Во многих типологических работах, посвященных этой категории, выделяются системы родов / классов, основанные исключительно на семантике существительных, и системы, в большей или меньшей степени опирающиеся на их формальные, прежде всего морфологические свойства. На примере даргинского языка в работе показано, что по крайней мере в части систем, которые принято считать семантическими, выбор показателей согласования по именному классу определяется не значением имени-контролера, а свойствами референта возглавляемой им именной группы. В статье также исследуется вопрос о существовании систем, в которых принадлежность имени к тому или иному классу однозначно определяется его морфологической структурой, и подробно описывается уникальная система согласования в языке ландума, в которой для выбора показателей согласования достаточно информации о фонологической структуре имени-контролера.
",Вопросы языкознания,2018,"morphology, phonology, semantics"
А.Б. Летучий,"Русские наречия со значением времени ТОЛЬКО, ТОЛЬКО-ТОЛЬКО, ТОЛЬКО ЧТО: значение недавнего прошлого и результативное значение
","Наша статья посвящена конструкциям типа Он только пришел / Он только-только пришел / Он только что пришел и их взаимодействию с результативной семантикой. Основной вопрос, который ставится в статье, состоит в том, обязательно ли из употребления наречий недавнего времени только, только-только и только что следует, что результат описываемой ситуации сохраняется на момент речи. В статье показано, что значения недавнего прошлого не обязательно предполагают наличие результата. Одни конструкции со значением недавнего прошлого могут содержать в семантике указание на результативность, у других этот компонент отсутствует. С результативной семантикой тесно связаны показатели только и только-только, а показатель только что не требует ни наличия результата, ни его отсутствия. Связь показателей только и только-только с результативными контекстами следует из их семантики и коммуникативной структуры, которые описываются в работе.

",Вопросы языкознания,2017,semantics
Н.А. Слюсарь,"Исследование синтаксических свойств энклитики ЖЕ: корпусный и экспериментальный подход
","В данной работе представлено исследование синтаксических свойств русской энклитической частицы же, построенное с использованием корпусного и экспериментального методов. В древнерусском языке расположение этой энклитики подчинялось закону Ваккернагеля. На основе данных Национального корпуса русского языка и проведенного нами эксперимента мы анализируем, какие позиции являются допустимыми и предпочтительными для частицы в современном русском языке, какие факторы оказывают влияние на выбор между ними и как менялось употребление энклитики с течением времени. Наше исследование направлено не только на изучение конкретного языкового явления, но и на то, чтобы показать преимущество совместного использования корпусного и экспериментального методов.

",Вопросы языкознания,2017,syntax
М.В. Копотев,"«Х есть Х» значит «Х это Х»? Ищем ответ в синхронии и диахронии
","Статья посвящена двум русским тавтологическим конструкциям Х есть Х и Х это Х. Мы предлагаем анализ двух разновидностей тавтологий с привлечением диахронических и синхронических данных из Национального корпуса русского языка. В статье обсуждаются а) этапы формирования и развития этих конструкций в русском языке (с учетом уже ушедшего варианта Х суть Х); б) частотность разных синтаксических групп в качестве переменных Х (по данным Национального корпуса русского языка); в) ограничения на употребление синтаксических групп в обеих конструкциях и г) семантические и прагматические особенности двух конструкций. Как правило, Х есть Х использует разные компоненты значения Х, отсылая, например, к коннотациям языкового выражения, тогда как Х это Х чаще выражает именно тождество Х-а самому себе, то есть является тавтологией в витгенштейновском смысле.

",Вопросы языкознания,2017,"syntax, semantics, pragmatics"
Д.А. Черноглазов,"Греческий перфект как стилистический прием
","Данное исследование представляет собой попытку рассмотрения нескольких эпизодов из истории древнегреческого синтетического и новогреческого аналитического перфекта sub specie функциональной грамматики. Перфект, как представляется, используется в качестве стилистического приема, средства архаизации. Факты греческого языка (среднегреческого и современного новогреческого) рассматриваются в контексте проблематики известного греческого «языкового вопроса» — сознательной установки на архаизацию языковой нормы греческого языка, наблюдавшейся, по крайней мере, с I в. н.э. и коррелирующей с ситуацией диглоссии.

",Вопросы языкознания,2016,"discourse, morphology, pragmatics"
С.М. Толстая,"Питание и воспитание в зеркале славянской лексики
","В статье рассматривается семантическая структура нескольких славянских лексико-этимологических гнезд, в которых представлены как значения, относящиеся к питанию, пище, кормлению, так и значения из области воспитания, взращивания (*pitati, *kъrmiti, *xovati, *godovati, *gojiti, *xorniti, *pasti, *bergti, *stergti). Понятие воспитания, метафорически и метонимически производное от понятия кормления, может развиваться не только на основе мотива кормления, питания ребенка (*pitati, *kъrmiti), но и на основе мотива кормления, вскармливания, разведения домашних животных (*xovati, *godovati, *gojiti, *pasti). Оно может быть также основано на мотиве защиты, опеки, поддержания жизни, основной для гнезд *bergti,* stergti, *pasti, *xorniti, *xovati и вторично присущей также остальным лексическим единицам.

",Вопросы языкознания,2016,"etymology, lexicology"
Д.О. Добровольский,"Грамматика конструкций и фразеология
","В статье обсуждается соотношение грамматики конструкций и теории фразеологии. Грамматика конструкций (CxG) представляет собой сегодня конгломерат различных подходов и концепций, а не единую теорию. В качестве базовых принципов, разделяемых всеми направлениями CxG, можно назвать отрицание четкой границы между грамматикой и словарем и отказ от статичного взгляда на язык, согласно которому высказывания строятся из лексических единиц с фиксированными значениями, соединяемых по независимым от этих значений регулярным грамматическим правилам. В центре внимания CxG оказываются динамические аспекты порождения высказывания. Элементы, из которых строится высказывание, чувствительны к своему окружению и при этом влияют на сам способ построения синтаксических групп. Иными словами, план содержания единиц лексикона зависит от синтаксиса, а синтаксис зависит от выбора лексических единиц. Поскольку фразеология по определению находится в промежуточной зоне между лексиконом и грамматикой, вполне естественно, что интересы грамматики конструкций и теории фразеологии пересекаются. Для исследования особенностей фразеологической системы важно выявить эти точки пересечения, то есть установить, в каких случаях использование идей и метаязыковых инструментов CxG может оказаться полезным для развития теории фразеологии и для решения конкретных задач. В статье обсуждаются некоторые из таких случаев.

",Вопросы языкознания,2016,"syntax, phraseology"
Н.М. Стойнова,"«Перепишите заново»: к типологии двойных деривационных показателей
","В работе обсуждается ситуация, когда при одной глагольной лексеме употребляется более одного показателя рефактива (‘сделать еще раз’). Интерпретация такого двойного рефактива может быть при этом избыточной (то же значение ‘сделать еще раз’) или рекурсивной (‘повторно [сделать еще раз]’). Сам двойной показатель может состоять из двух морфологических деривационных показателей — одинаковых или разных — или из аффикса (типа англ. re-) и лексемы (типа англ. again). Все подобные случаи рассматриваются на типологическом материале, отдельные сюжеты — более детально на материале русского языка. Данные по показателям рефактива позволяют сделать некоторые выводы о двойных деривационных показателях в целом, в том числе охарактеризовать их специфику по сравнению с двойными словоизменительными показателями, предсказать, каково будет результирующее значение двойного показателя при неполном семантическом совпадении исходных одиночных и как это соотносится с морфологическим статусом исходных показателей.

",Вопросы языкознания,2016,typology
А.Б. Макарова,"Феномен периферийного пересечения семантических сетей: русские приставки ПРИ- и ПОД-
","В статье на примере сопоставительного анализа семантики русских приставок при- и под- показаны преимущества представления лингвистических единиц со сложной семантикой в терминах сетей значений с прототипом и периферией перед прочими способами описания (списки значений, инварианты). Подобный анализ позволяет обнаружить сходства и различия между лингвистическими единицами, а также лучше понять устройство частичных синонимов. В отличие от существующих работ, в которых описывается пересечение прототипов и центральных элементов сетей значений, в центре внимания данной работы оказывается пересечение таких сетей в периферийной области. Так, в статье показано, что сети значений приставок при- и под- с разными пространственными прототипами обнаруживают значительную зону пересечения на периферии. В зоне пересечения, в частности, оказывается аттенуативность и значения, сопредельные с аттенуативным. В работе, выполненной на материале данных Национального корпуса русского языка с привлечением инструментария когнитивной лингвистики, предлагается описание связи аттенуативного (в широком смысле) значения с пространственным у этих двух приставок и объясняется существование зоны пересечения.

",Вопросы языкознания,2016,semantics
Т.И. Афанасьева,"Об особом употреблении «дательного cамостоятельного» в русских переводах конца XIV в.
","Статья посвящена изучению особого значения тавтосубъектного дательного самостоятельного — значения второстепенного сказуемого, которое фиксируется в переводах русских книжников конца XIV в., прежде всего в канонах, переведенных свт. Феодором Симоновским. Прослеживается формирование этой конструкции в предшествующую эпоху — в старославянском языке и в древнерусском домонгольского периода.

",Вопросы языкознания,2016,syntax
А.Л. Мальчуков,"Взаимодействие и иерархия грамматических категорий глагола: введение в тему и типологическая анкета
","В статье изложена программа изучения синтагматического взаимодействия грамматических категорий глагола в духе традиций Санкт-Петербургской типологической школы. В основу предлагаемого подхода положены понятие типологической маркированности, учение В. С. Храковского о доминантных и рецессивных категориях и концепция Байби об иерархии глагольных категорий. В рамках предлагаемого подхода ограничения на сочетаемость глагольных категорий определяются общими функциональными факторами, такими как функциональная совместимость, релевантность, избыточность и частная (дистрибутивная) маркированность. Во второй части статьи представлена анкета, нацеленная на описание взаимодействия глагольных категорий (и их граммем) в языках мира.

",Вопросы языкознания,2016,"morphology, typology"
А.А. Горбов,"К вопросу о семантическом калькировании и «вторичном заимствовании» в русском языке рубежа XX—XXI веков
","В статье рассматривается механизм семантического калькирования как одного из важнейших инструментов иноязычного контактного влияния на русский язык, резко усилившегося на рубеже XX—XXI вв. Изучение типичных примеров показывает, что одним из главных критериев выявления семантической кальки является переводная эквивалентность слов языка-источника и языка-реципиента на уровне значения, являющегося исходным для того переносного значения, которое приобретает слово языка-реципиента. В связи с понятием семантического калькирования критическому рассмотрению подвергается понятие «вторичного заимствования». Анализ показывает, что в объем этого понятия исследователи включают разнородные явления — от случаев явного семантического калькирования до случаев материального заимствования слов, чей план выражения случайным образом совпадает с планом выражения более ранних заимствований.

",Вопросы языкознания,2015,semantics
В.М. Алпатов,"Что и как изучает языкознание.
","Развитие лингвистики имеет ряд особенностей. Два главных процесса в истории лингвистики — накопление фактов и становление новых методов; накопление фактов увеличивает хаос, формирование новых методов преодолевает его. В разные периоды приоритетными бывали разные задачи, некоторые проблемы становились периферийными, но потом могли снова получить приоритет на более высоком уровне. В истории лингвистики можно видеть две тенденции: одна из них стремится изучать язык объективно и точно по образцу естественных наук, другая связана с изучением языка вместе с говорящим на нем человеком, с учетом интуиции и интроспекции. Первая тенденция господствовала в эпоху структурной лингвистики, вторя стала распространенной в наше время.

",Вопросы языкознания,2015,history of linguistics
М.С. Полинская,"Усвоение именных классов в цезском языке.
","Данная статья преследует две взаимосвязанные цели. Первая, методологическая, — представление и обсуждение доступной методики по изучению детской речи; такая методика может быть применена к самым разным языкам, в том числе языкам малых народов или бесписьменным. Методика включает в себя создание корпуса детской речи и речи, обращенной к детям (в нашем исследовании около 10 часов живой речи), анализ этого корпуса и дальнейшее экспериментальное исследование моделей и закономерностей, которые попадают в поле зрения исследователя корпусного материала. Наша вторая цель состоит в том, чтобы, пользуясь этой методикой, рассмотреть систему именных классов (родов) в цезском языке нахско-дагестанской семьи и показать, как дети усваивают подобную систему при освоении родного языка. Главным вопросом является набор и соотношение предсказательных признаков, которые позволяют детям и взрослым приписывать конкретные слова к тому или иному именному классу. Данные нашего экспериментального исследования показывают, что дети и взрослые опираются на разные предсказательные признаки. В частности, для детей — носителей языка — формальные признаки существительного (например, начальный или конечный звук слова) играют более важную роль, чем семантика, в то время как для взрослых семантика имеет бoльшее значение.

",Вопросы языкознания,2015,cognitive
Ю.А. Ландер,"Типология немаркированного клаузального подчинения: относительные конструкции.
","В статье на материале ряда языков рассматриваются относительные конструкции c немаркированным подчинением — конструкции, в которых отсутствуют маркеры, непосредственно выражающие зависимый статус относительного предложения. Подробно обсуждаются проблемы, возникающие при выделении такого класса. Особое внимание уделено средствам, которые имплицируют информацию о подчинении, а также вопросу о возникновении относительных конструкций с немаркированным подчинением.

",Вопросы языкознания,2014,"typology, syntax"
С. Деккер,"Эпистолярный дейксис в новгородских берестяных грамотах.
","В настоящей статье рассматривается явление «эпистолярного прошедшего времени» в новгородских берестяных грамотах. Это понятие имеет отношение к употреблению прошедшего времени для описания событий, совпадающих с моментом написания письма, напр. ‘Я послал тебе шесть бочек вина’ (т. е. ‘я посылаю тебе…’). При изучении этого материала оказалось, что стандартный подход к эпистолярному прошедшему времени является не вполне приемлемым. В настоящей статье наличие прошедшего времени объясняется более подробно и адекватно.

",Вопросы языкознания,2014,discourse
В.Б. Крысько,"Маргиналии к «Этимологическому словарю славянских языков» (вып. 34–38).
","В статье рассматриваются принципы и конкретные подходы к реконструкции праславянского лексического фонда, нашедшие отражение в последних пяти выпусках «Этимологического словаря славянских языков».

",Вопросы языкознания,2014,etymology
В.Б. Иванов,"К классификации именных форм в юго-западных иранских языках
","С целью коррекции имеющихся систем описания именного словоизменения в близкородственных юго­западных иранских языках (персидском, таджикском и дари) пересматриваются статусы изафетного показателя и артикля. Первый является специализированным аффиксом вершинного маркирования слова в изафетной конструкции в пределах словесных границ и образует синтетическую форму слова. Второй не только маркирует выделенность, но и может одновременно выступать в связочной функции, то есть также может быть маркером вершинного положения имени в словосочетании. Однако в отличие от изафетного показателя он размещается за пределами словесных границ и образует именную словоформу аналитического типа. Кроме того, в систему именного словоизменения вводятся звательные формы (вокативы), которые образуются от исходной формы имен аффиксацией и/или интонационно-просодически.

",Вопросы языкознания,2014,morphology
И.М. Горбунова,"Категория фазовой полярности в атаяльском языке.
","Настоящая статья описывает грамматические средства выражения фазовых значений, зафиксированные в атаяльском языке (атаялическая ветвь австронезийской семьи, о. Тайвань). Как показывает полевой материал, в атаяльском языке фазовые значения (присущие, например, русским наречиям уже и еще) выражаются фразовыми частицами la и na. В статье рассматриваются такие свойства данных частиц, как линейное положение в предложении, частотность, обязательность в некоторых контекстах. Кроме того, производится подробный анализ значений, которые эти частицы выражают.

",Вопросы языкознания,2014,"semantics, morphology"
М.А. Ключева,"Сокыртага «слепой баран» и шорыкйол «овечья нога»: к этимологии названия марийской игры и праздника.
","В статье сравниваются названия игры в жмурки у народов Волго-Камья («Слепой барашек»). Показаны общие наименования праздника зимнего солнцестояния, к которому эта игра приурочена (Нардуган, «Овечья нога» и др.). Предложена этимология названия марийского зимнего праздника Шорыкйол.

",Вопросы языкознания,2014,etymology
Б.А. Успенский,"Из истории славянской Библии: Славяно-еврейские языковые контакты в Древней Руси (на материале Nomina sacra).
","Славянская Библия была переведена с греческого и обнаруживает текстуальную связь с Септуагинтой. Вместе с тем, в восточнославянских рукописных Библиях XV–XVI вв. прослеживается несомненное еврейское влияние. Мы находим здесь целый ряд гебраизмов (объясняемых непосредственными славяно-еврейскими контактами), призванных корректировать традиционный славянский перевод библейского текста. Эти гебраизмы частично представляют собой заимствования из еврейской Торы, частично – из арамейского таргума. Материал сакральных имен (которые в арамейском таргуме сохраняют исконную еврейскую форму) приводит к выводу, что заимствования из Торы переводились в славянской Библии, тогда как заимствования из таргума воспроизводились в ней в исходной форме. Редактирование библейского текста осуществлялось в несколько этапов и продолжалось значительный период времени. В работе предпринимается попытка определить масштаб еврейского влияния на русскую библейскую традицию и установить хронологическую стратификацию различных явлений, относящихся к ревизии исходного славянского текста.

",Вопросы языкознания,2014,sociolinguistics
Н.В. Сердобольская,"Глагол речи manaš в марийском языке: особенности грамматикализации.
","Настоящая работа посвящена грамматикализации глагола речи manaš (‘говорить’, ‘называть’) в лугово-восточном марийском языке. Деепричастие данного глагола (manǝn) употребляется десемантизированно в функции подчинительного союза; при этом оно теряет синтаксические свойства исходного глагола. В современном языке можно наблюдать различные стадии грамматикализации данного показателя: в ряде контекстов оно функционирует как цитатив, в других контекстах – как подчинительный союз. Мы выделяем два пути грамматикализации данного показателя: первый наблюдается в контексте глаголов речи, ментальных и эмотивных глаголов, второй в контексте (речевой) каузации и потенциальной ситуации (в актантных предложениях) и в обстоятельственных предложениях цели и причины. Аргументы за такой анализ основаны на следующем: ограничения на кодирование зависимого предиката (допустимость нефинитных клауз), выбор стратегии оформления актантов зависимого предиката [анафорическое vs. дейктическое кодирование текстового («исходного») говорящего и слушающего] и выбор наклонения в сентенциальном актанте. Мы показываем, что в современном языке анализируемый показатель выступает в следующих функциях: цитатив, подчинительный союз в актантных и обстоятельственных предложениях, дискурсивный маркер хезитации и автокоррекции, десемантизированный подчинительный показатель для введения отрицания при инфинитиве.

",Вопросы языкознания,2014,morphology
А.С. Зверев,"Знаки препинания конца предложения как заключительные частицы письменного японского языка.
","Несмотря на исключительно важную роль знаков препинания в структуре японского текста, пунктуация по-прежнему остается практически неизученным компонентом японской письменности. B настоящей статье пунктуационные единицы получают развернутое описание на основе теоретического аппарата, разработанного для непунктуационных служебных показателей, и в результате наравне c последними встраиваются в общую систему письменного языка. Возможности развиваемого подхода демонстрируются на материале японских знаков препинания конца предложения, которые обнаруживают определяющие свойства модально-экспрессивных заключительных частиц.

",Вопросы языкознания,2014,orpthography
А. Гаттнар,"Конкуренция видов глагола в итеративных контекстах в зависимости от типа и позиции квантификатора
","В статье описывается конкуренция русских видов глагола в итеративных контекстах. На основе данных из Национального корпуса русского языка (НКРЯ) проводится психолингвистический эксперимент, с помощью которого устанавливается связь между типом квантификатора и выбором вида глагола в итеративных контекстах. Кроме того, данные из эксперимента указывают на то, что тип и позиция квантификатора могут влиять не только на выбор вида глагола, но и на его когнитивную обработку.

",Вопросы языкознания,2013,"psycholinguistics, morphology"
Е.В. Урысон,"Синтаксис союзов и коннекторов и теория валентностей.
","Многие союзы способны функционировать как коннекторы, т. е. связывать не только предложения в составе сложного (однородные члены предложения), но и фрагменты текста. Такие союзы названы мягкими. Другие союзы не способны соединять фрагменты текста – они названы жесткими. Некоторые союзы функционируют как коннекторы лишь в контекстах определенного типа, т. е. являются мягкими в той или иной степени. Мягкость / жесткость союза не зависит от его принадлежности к классу подчинительных или сочинительных. И коннекторы, и жесткие союзы являются предикатами по крайней мере с двумя семантическими актантами. У жесткого союза семантические актанты выражаются по определенным синтаксическим правилам. Выражение актантов коннектора описывается синтаксическими правилами лишь частично.

",Вопросы языкознания,2013,syntax
В.И. Подлесская,"Структурная и линейно-просодическая целостность именных групп по данным корпусного исследования: сочиненные и комитативные группы с личным местоимением первого лица в русском языке
","Работа посвящена сочиненным и комитативным группам с личным местоимением первого лица, занимающим в предложении позицию подлежащего и согласующихся со сказуемым по числу и по лицу: я и Маша идем, мы с Машей идем, я с Машей иду и т. д. По данным Национального корпуса русского языка представлен количественный и качественный анализ конструкций этого семейства, в том числе описан их морфологический статус (характер формального и семантического согласования со сказуемым), реакции на синтаксические, коммуникативно-просодические и линейные преобразования, сочетаемость с различными классами предикатов. С учетом выявленных фактов предлагаются уточненные критерии грамматической, просодической и линейной целостности именной группы.

",Вопросы языкознания,2012,"syntax, phonetics"
В.В. Глебкин,"Метафора механизма и теория концептуальной метафоры Лакоффа – Джонсона
","В статье проведен анализ эволюции метафоры механизма в Античности и западном Средневековье. Показано, что такие метафоры как «мир – это машина», «социум – это машина», «тело – это машина» возникают в Раннем Средневековье, т. е. задолго до того, как машины начинают играть заметную роль в социально-экономической жизни. Причиной их появления являются кардинальные трансформации в представлениях о мире и человеке, произошедшие при переходе от Античности к Средним Векам. Полученные результаты предоставляют новые возможности для развития теории концептуальной метафоры в рамках культурно-исторической парадигмы.

",Вопросы языкознания,2012,metaphor studies
Д.В. Савова,"Предикативная структура высказывания в болгарском языке
","В статье представлена идея о начальной стадии перехода ментальной пропозиции в речевое произведение в сознании говорящего. Согласно этой идее в языках существуют системы синтаксических образцов, которые задают пропозиции определенную перспективу. Эти образцы составлены из основных элементов и приписывающихся им предикативных признаков. В работе представлена система таких синтаксических образцов (предикативных структур), выработанная для болгарского языка.

",Вопросы языкознания,2012,"syntax, pragmatics"
С.М. Поляков,"Глагол TO MISS как средство реализации семантики сожаления в современном английском языке
","В данной статье мы обращаемся к тому особому значению сожаления, которое в английском языке выражается глаголом miss. Компонентный анализ содержания интенционального состояния miss показывает, что оно является производным от содержания более простого интенционального состояния sorry. Отсюда можно сделать вывод о том, что значение слова miss представляет собой результат семантической деривации значения предикатива sorry. Разница между интенциональными состояниями, выражаемыми словом sorry с одной стороны, и глаголом miss с другой состоит в условиях удовлетворения интенции говорящего субъекта.

",Вопросы языкознания,2011,semantics
Г.В. Федюнёва,"О статусе местоглаголия в языке
","Целью статьи является выяснение реального статуса местоглаголия в дейктической системе языка. На материале языков разных типов рассматриваются явления, так или иначе связанные с глаголом (предикатом) отношениями замещения и указания: широкозначные глаголы, их комбинации с некоторыми указательными, вопросительными, неопределенными местоимениями, подставочные конструкции, заменяющие в речи ускользнувший из памяти или эллиптированный глагол и др. По мнению автора, эти языковые элементы не являются местоглаголиями, т. е. собственно местоимениями, формирование которых непосредственно связано с использованием дейктических частиц. Местоглаголиями следует считать глаголы, также имеющие первичные дейктические корни, вроде эвенкийских ē- «*чтоить», эри-ӊ-тэ- «*этовствовать», тари-ӊ-та- «*тотовствовать» или севернорусского тогóвотать. Автор считает, что местоглаголия непосредственно связаны с референциальной функцией языка. Они являются скорее потенциальной, нежели последовательно вербализованной категорией. Формируясь в дискурсе, местоглаголия остаются фактом речи, лишь иногда поднимаясь до уровня языковой системы.

",Вопросы языкознания,2011,semantics
Б.Б. Ходорковская,"Депонентные глаголы в латинском языке (по текстам Тацита)
","В латинском языке есть группа глаголов, около 500, которые характеризуются тем, что они имеют формы пассивного залога, но значения активного залога. В статье дается описание лексики и функционирования депонентных глаголов на фоне залоговых отношений. Можно сделать вывод, что в латинском языке есть три залога – активный, пассивный и депоненс.

",Вопросы языкознания,2011,morphology
К.М. Корчагин,"Современные зарубежные исследования метрики
","В статье рассматриваются основные направления современной зарубежной науки о стихе, существующей в двух вариантах: как наука о «просодической» (т.е. литературной) метрике и как наука о метрике «изохронной» (т. е. песенной). Исследования этих типов требуют различных подходов, но в большинстве своем так или иначе опираются на генеративную теорию (особенно в ее приложениях к фонологии). Также кратко обозреваются исследования последних лет, посвященные метрической типологии.

",Вопросы языкознания,2011,"discourse, typology"
П.М. Аркадьев,"Проблемы синтаксиса конструкций «accusativus cum participio» в литовском языке
","Статья посвящена конструкциям «аккузатив с причастием» в литовском языке, которые до сих пор не становились объектом строгого синхронного описания в современных синтаксических терминах. Эти конструкции рассматриваются в свете генеративной теории, в рамках которой подобным структурам в других языках были предложены две конкурирующие трактовки: (i) в терминах «подъема» субъекта зависимой клаузы в позицию прямого объекта главной и (ii) в терминах «исключительного падежного маркирования» этого субъекта, находящегося во вложенной клаузе, матричным предикатом. На основании эмпирических критериев демонстрируется, что ни один из двух основных принятых в порождающей грамматике способов анализа не подходит для литовских конструкций. Вместо этого предлагается альтернативная трактовка, основанная на высказанной в ряде работ последнего времени идее приписывания падежа внутри самой вложенной клаузы.

",Вопросы языкознания,2011,syntax
Г.Е. Крейдлин,"Фразеологические соматизмы и семиотическая концептуализация тела
","В статье описываются русские фразеологические соматизмы – фразеологические единицы с именами телесных объектов. Основной целью работы является обоснование трех положений, относящихся к фразеологической теории и методологии описания фразеологизмов. Приводится ряд наблюдений над природой фразеологических соматизмов и их поведением в контексте. Устанавливается связь между фразеологическими соматизмами и фразеологической теорией, с одной стороны, и семиотической концептуализацией тела и семиотикой телесности, с другой. Все утверждения иллюстрируются примерами фразеологизмов и свободных сочетаний с обозначениями соматизмов.

",Вопросы языкознания,2011,"phraseology, semiotics"
М.М. Маковский,"К проблеме вида в готском языке
","Критически рассматривая известную теорию В. Штрайтберга, утверждавшего, что в готском языке (как в современных славянских языках) существовала грамматическая категория вида, реализуемая посредством префиксации (особенно с помощью «пустого» префикса ga), автор на основе анализа большого фактического материала показывает, что префиксация в готском не являлась средством перфективации. Учитывая факультативность «перфективирующего» использования префикса ga (и других префиксов), можно прийти к выводу о том, что система перфективации в готском языке (если она действительно существовала) к моменту перевода библии с греческого на готский либо находилась в процессе далеко зашедшего распада, либо наметившаяся тенденция в перфективации не была звершена, либо вообще никакой категории вида в готском не было. В этой связи автор делает попытку выяснить происхождение готского префикса ga на основе фактов этимологии и истории культуры.

",Вопросы языкознания,2011,morphology
Г.М. Зельдович,"Синтетический пассив совершенного вида на ­`-ся`: Почему его (почти) нет?
","Рассматривается вопрос, почему аномальны конструкции типа *Книга написалась Иваном. Показано, что совершенный вид обладал бы здесь перфектным значением 'для говорящего важно, какой результат действия имеет место в момент речи (или иной опорный момент)'. Перфектное значение может выступать в двух разновидностях: «стандартной», вида 'в момент речи имеется книга', и субъектно ориентированной, 'в связи с действием в момент речи важна индивидуальность субъекта', причем для конструкций рассматриваемого типа намного вероятнее второе. Пассив по своей природе требует, чтобы с помощью соответствующего «бессубъектного» предложения (типа Книга писалась) можно было назвать ту же самую ситуацию, что и с помощью предложения, где субъект эксплицитен (Книга писалась Иваном). Если же перфектность – субъектно ориентированная, то, опуская субъект, назвать ту же самую ситуацию нельзя. В результате между природой страдательного залога и особенностями перфектного совершенного вида возникает конфликт, который и ответствен за аномалию.

",Вопросы языкознания,2010,syntax
Н.Б. Вахтин,"Петербургская социолингвистика: пятнадцать лет развития
","В обзоре критически рассмотрены основные положения петербургской социолингвистики в историческом освещении.

",Вопросы языкознания,2010,"history of linguistics, sociolinguistics"
М.И. Исаев,"Выдающийся иранист и теоретик языкознания В.И. Абаев (к 110-летию со дня рождения ученого)
","В статье рассматриваются основные идеи и этапы деятельности выдающегося лингвиста Василия Ивановича Абаева.

",Вопросы языкознания,2010,history of linguistics
Д.В. Герасимов,"Видо-временная система парагвайского гуарани: сфера действия и порядок показателей
","В настоящей статье предлагается краткий обзор видо-временной системы парагвайского гуарани (семья тупи-гуарани). Особое внимание уделяется относительному порядку грамматических показателей в агглютинативной глагольной словоформе. Порядок основных видо-временных суффиксов и клитик парагвайского гуарани иконически отражает соотношение их сфер действия: показатели с более широкой семантической сферой действия располагаются правее, т.е. дальше от корня. При этом видимые нарушения типологических универсалий порядка аффиксов, таких как принцип релевантности Дж. Байби, носят иллюзорный характер и исчезают при более внимательном взгляде на семантику соответствующих показателей.

",Вопросы языкознания,2010,"morphology, semantics"
Е.Л. Григорьян,"Каузальные значения и синтаксические структуры
","Автор показывает, что в одной и той же языковой ситуации возможны альтернативы в «профилировании» каузальных отношений. В данной статье рассматриваются в первую очередь те каузальные значения, которые определяют синтаксические связи в пределах простого предложения, точнее, если пользоваться английским термином, clause.

",Вопросы языкознания,2009,syntax
Д.А. Эршлер,"К типологии непациентивных значений аккузатива
","В настоящей статье изучается типология непациентивных значений, оформляемых аккузативом, и обсуждается, существует ли некоторая общая мотивация для таких употреблений аккузатива. Найденные значения разбиваются на несколько групп, для каждой из которых предлагается отдельное объяснение. Кроме того, использованная выборка языков позволяет сформулировать некоторые фреквенталии, касающиеся аккузативного маркирования адвербиалов.

",Вопросы языкознания,2009,"typology, morphology"
А.Б. Летучий,"Типология лабильных глаголов
","В статье предлагается типология лабильных глаголов (т.е. глаголов, способных выступать как переходные или как непереходные без изменения формы). Рассматриваются деривативная, синтаксическая и семантическая классификации лабильных глаголов, и там, где это возможно, формулируются закономерности распределения лабильных глаголов по языкам различных ареалов и отмечается связь лабильности с другими особенностями грамматики языков (в частности, с системой показателей актантной деривации и типом маркирования актантов глагола). Наиболее подробно рассматриваются взаимоотношения лабильных глаголов с показателями каузатива и декаузатива. Наконец, выдвигается и иллюстрируется примерами гипотеза о функции лабильности в языковой системе: предлагается считать, что лабильность служит для объединения сходных значений в рамках одной глагольной лексемы.

",Вопросы языкознания,2009,"typology, semantics"
М.Г. Храковская,"Ментальный лексикон при распаде языковой системы у больных с афазией: экспериментальное исследование глагольной морфологии
","Представляемое экспериментальное исследование впервые показывает особенности процедур обработки регулярной и нерегулярной вербальной морфологии у больных с афазией на материале специально разработанных тестов для русского языка. Проверяются основные обсуждаемые в работах последних лет гипотезы об организации ментального лексикона и механизмах, обеспечивающих морфологические процедуры. Результаты свидетельствуют о том, что формулирование гипотез об универсальных механизмах организации ментального лексикона преждевременно и требуется проведение межъязыковых исследований.

",Вопросы языкознания,2009,"morphology, cognitive"
Д.О. Добровольский,"Принципы семантического описания фразеологии
","В статье обсуждаются основные направления исследований в современной фразеологии. Обращается внимание на необходимость использования такого способа анализа, который основывается на изучении множества факторов, влияющих на формирование и функционирование феноменов фразеологической системы. Подчеркивается роль внутренней формы, влияющей ни синтаксические, семантические и прагматические особенности поведения идиом.

",Вопросы языкознания,2009,"semantics, phraseology"
Л.А. Гренобль,"Синтаксис и совместное построение реплики в русском диалоге
","В статье рассматривается структура совместных построений в ходе диалога. Совместное построение имеет место в тех случаях, когда один собеседник начинает реплику, а другой собеседник заканчивает ту же самую реплику. Совместно построенные конструкции разделяются на две группы: ( I ) конструкции, которые некоторым образом расширяют реплику первого собеседника: и (2) конструкции, которые завершают реплику первого собеседника (синтаксически или семантически незаконченную). Предполагается, что говорящие обладают единым синтаксисом, а именно: синтаксическая рамка, начатая первым говорящим, заканчивается другим: координируется информация об отношениях между планированием, порождением и членением диалога; учитывается предсказуемость синтаксических моделей с целью изменения или влияния на поток информации и тему диалога.

",Вопросы языкознания,2008,"syntax, discourse"
Г.И. Берестнев,"К философии слова (лингвокультурологический аспект)
","Постулируя «трансцендентальность» человеческого мышления, автор на большом фактическом материале лингвокультурологического характера исследует сущность символа и метафоры, рассматриваемых в качестве кодов осмысления окружающего мира. В центре внимания автора когнитивные механизмы символических форм культуры. В статье выдвигается мысль о том, что язык «работает» в некоторой средней зоне содержательной шкалы, на одном полюсе которой находятся отдельные семантические признаки, а на другой - глобальные содержания, репрезентируемые лишь символически (они принадлежат коллективному «бессознательному»).

",Вопросы языкознания,2008,linguoculture
Вяч.Вс. Иванов,"Анатолийские личные имена и слова в староассирийских текстах XX—XVIII вв. до н.э. — древнейшие свидетельства об индоевропейских языках
","Среди собственных имен древнего населения староассирийских колоний в Малой Азии сохраняются архаические общеиндоевропейские типы сложения двух именных основ, связываемых соположением или соединительным тематическим гласным *-о- > анат. -а- (в частности, с последними элементами nega- «сестра», hsu- «рожденный» и с *sor- «женщина»), а также образуемых сочетанием существительного и следующего за ним постпозитивного притяжательного местоимения. Имена от индоевропейских основ образуются тематическим гласным и суффиксами -nu-, -um/wan-, -ala-, -ili-. Термины древнеанатолийского происхождения tuzi-nnum (хет. tuzzi «войско») и ubadinnu (из лувийск. upa-ti-t «надел») помогают восстановить древнюю систему феодальных услуг.
",Вопросы языкознания,2008,etymology
Ф.Б. Успенский,"Новый взгляд на этимологию древнескандинавского названия Киева Kønugarðr (по поводу статьи Э. Мелин)
","Развивая идеи шведской исследовательницы Э. Мелин о том, что первый элемент варяжского названия Киева (Kønugarðr) восходит к др.-сканд. kinn < и.-е. *genw-/genu- «скула, щека» в значении «склон горы, возвышенность», автор соотносит этот элемент с названием одной из возвышенностей древнего Киева — Щековицей (Щекавицей).

",Вопросы языкознания,2008,etymology
П.М. Аркадьев,"Структура события и семантико-синтаксический интерфейс. Обзор новейших работ
","Обзор посвящен проблематике структуры события и ее отображения в морфосинтаксисе естественного языка. Идея в том, что ситуации представлены в языке в виде иерархически организованных структур, объединяющих информацию о каузальных, аспектуальных и ролевых характеристиках. находится в центре многих современных лингвистических теорий. В обзоре с особой подробностью рассматриваются два сборника, вышедшие в 2004 и 2005 гг. в издательстве Oxford University Press и посвященные таким вопросам, как репрезентация структуры события в синтаксисе и морфологии, соотношение синтаксических и семантических классов глаголов, влияние аспектуальных категорий на синтаксическую структуру, усвоение структуры ситуации и т.д.
",Вопросы языкознания,2008,"semantics, syntax"
А.С. Николаев,"Бессуффиксный претерит ro˙ír и другие древнеирландские претериты с долгим -i- в корне
","В статье рассматривается др.-ирл. бессуффиксный претерит ( ro˙)ír от глагола ernaid, ern ‘вручает’. Эту форму невозможно объяснить из и.-е. редуплицированного перфекта от и.-е. корня *perh3-; в статье аргументируется необходимость реконструкции формы *pērh3-t («нартенов» имперфект) и, соответственно, пракельт. *φīrăt, что позволяет пролить свет на происхождение класса претеритов на -i- в древнеирландском, а также, возможно, на проблему презенсов с носовым инфиксом с полной ступенью аблаута в корне. В приложении предлагается новая этимология для галл. ieuru / ειωρου.

",Вопросы языкознания,2007,"etymology, morphology"
В.В. Понарядов,"Диалектная дифференциация в древнетюркском языке енисейских рунических надписей
","В статье делается важная попытка выделения на лингвистических основаниях двух диалектов в языке рунических эпитафий VIII—XI вв. на территориях Тувы и Хакасии. Выделяется шесть релевантных признаков, которые позволяют дифференцировать тюркские диалекты — древнекыргызский и чикский.

",Вопросы языкознания,2007,dialectology
А.В. Шацков,"К вопросу о назальном презенсе в хеттском языке: duwarne-
","В статье рассматривается морфологическая структура хеттского глагола duwarne- «ломать». В противоположность существующим этимологическим толкованиям хеттского слова автор выдвигает гипотезу о том, что глагол duwarne- был построен по аналогии с назальным презенсом уже в праанатолийский период.

",Вопросы языкознания,2007,"morphology, etymology"
В.А. Дыбо,"Сравнительно-историческая акцентология, новый взгляд: по поводу книги В. Лефельдта ""Введение в морфологическую концепцию славянской акцентологии""
","Статья является откликом на книгу: Werner Lehfeldt, Emftihrung in die morphologische Konzeption der slavischen Akzentologie. 2., verbesserte Auflage mit einem Appendix von Willem Vermeer. Munchen, 2001. В статье показано, что основной заслугой работы Хр. Станга (Chr. Stang. Slavonic accentuation. Oslo, 1957) был не отказ от закона Ф. Ф. Фортунатова — Ф. де Соссюра, а то, что Хр. Станг, изучая организацию славянской акцентуации, вплотную приблизился к пониманию её как системы акцентных парадигм. Анализируя ряд работ предшественников Хр. Станга и основные этапы исследований представителей московской акцентологической школы (""MAS"")» автор показывает, как осознание характера этой системности и установление её деталей позволило исследователям ""MAS"" прийти к реконструкции праславянской и балто-славянской акцентной системы и предложить свои выводы о характере её отношения к индоевропейской.
",Вопросы языкознания,2006,"etymology, history of linguistics"
А.В. Корочков,"О количественной оценке адекватности лингвистических правил (на материале правил чтения для английского языка)
","В статье рассматривается проблема объективной количественной оценки для систем правил, разрабатываемых лингвистами. В результате формализации и программирования правил чтения построена система автоматического транскрибирования английских слов, адекватность которой была оценена посредством сопоставления с несколькими эталонными корпусами транскрипции. Были получены следующие новые данные:
1) количественная оценка адекватности существующих правил чтения;
2) количественная оценка степени влияния морфемной и частеречной разметки на адекватность
транскрибирования;
3) расширенные списки слов-исключений.
",Вопросы языкознания,2006,phonetics
Е.В. Падучева,"Генитив дополнения в отрицательном предложении
","Статья посвящена классической проблеме русского синтаксиса - генитиву объекта в отрицательном предложении. Показано, что генитив объекта в существенной степени семантически мотивирован, причем семантические факторы, определяющие выбор генитива объекта, принципиально сходны с теми, которые были ранее выявлены для генитива субъекта. Относительно генитива субъекта исходная предпосылка состоит в том, что он может выражать не только несуществование, как в случае бытийного глагола или пассивной формы глагола создания (не возникло сомнений; не строится гостиниц), но и отсутствие в поле восприятия (Маши не видно / не оказалось на месте) или в сфере знаний / в личном пространстве некоего лица (не обнаружилось таланта), т. е. н а б л ю д а е м о е (или о с о з н а в а е м о е ) отсутствие; такое значение генитив имеет, в частности, в генитивной конструкции с глаголом быть (Коли не было в Москве). Показано, что те же две идеи - несуществование и наблюдаемое отсутствие - определяют семантику генитива объекта. Разница в том, что в случае субъектного генитива наблюдатель / субъект сознания находится за кадром, а при генитиве объекта он может быть выражен подлежащим того же предложения (Я не знаю этой женщины). Тем самым получает объяснение преобладание генитивного объекта в отрицательных предложениях с глаголами создания, восприятия, знания, обладания, перемещения.
",Вопросы языкознания,2006,syntax
Р.К. Потапова,"Субъектно-ориентированное восприятие иноязычной речи
","В статье отражены результаты исследования субъектно-ориентированного слухового восприятия иноязычной для адресата речи, что имеет огромное значение для решения прикладной проблемы идентификации адресанта по голосу и речи. Проведенные эксперименты с целью изучения возможности идентификации говорящего по голосу и речи на материале различных языков [немецкого, шведского, американского варианта английского языка (по зарубежным источникам) и британского варианта английского языка, а также французского языка (на базе наших экспериментально-фонетических исследований)] позволили прийти к ряду конкретных выводов. Задача отождествления и атрибуции адресанта по признакам иноязычной устной речи является одной из приоритетных задач прикладного речеведения, требующей дальнейших изысканий с опорой на концептуальную базу фундаментальной науки о языке и речи.
",Вопросы языкознания,2005,cognitive
И.А. Седакова,"Заимствованное слово и его этнокультурное содержание (болг. КЪСМЕТ)
","Статья посвящена этнолингвистическому анализу ключевого для словаря традиционной культуры болгар слова-концепта КЪСМЕТ. Этот балканизм, известный другим языкам балканского языкового союза, обозначает широкий круг понятий, образующих в совокупности концепты СУДЬБА, ДОЛЯ и их конкретные проявления: ""участь"", ""счастье"", ""удел"", ""удача"", ""везенье"". Исследование этого термина, почти вытеснившего в болг. языке славянские соответствия (чест, среща и др.), проводится на широком языковом, этнографическом и фольклорном материале и демонстрирует механизмы проникновения и усвоения ""не своего"" слова и его семантики в языке-реципиенте.
",Вопросы языкознания,2005,lexicology
Ф. Р. Минлос,Линейное положение прилагательных в древнерусском: возвращаясь к статье Д. Ворта,"В статье, опубликованной Дином Вортом в 1985 г., содержалось несколько наблюдений относительно линейного положения прилагательного в древнерусском языке. Его «микроанализ» основан на именных группах с прилагательным новъгородьскыи в новгородских пергаменных грамотах XII-XV вв. Для более точной оценки этих наблюдений понадобилось повторное обращение к тому материалу, с которым работал Ворт. В ходе нашей работы одно из этих наблюдений нашло отчетливое подтверждение: одиночный атрибут в предложных группах чаще стоит в препозиции, т.е. непосредственно после предлога. С нашей точки зрения, Д. Ворт недооценил влияние падежа на положение прилагательного, одновременно переоценивая сомнительные корреляции положения атрибута с агентивностью и одушевленностью. Видимо, линейный порядок в именной группе вообще не следует связывать с ее агентивностью, тогда как отчетливая корреляция между одушевленностью имени и постпозицией прилагательного основана на двух группах словосочетаний, составляющих большую часть материала: на топонимах (с обычной препозицией атрибута) и на названиях официальных должностей (с обычной постпозицией атрибута). ",Русский язык в научном освещении,2010,syntax
В. Лефельдт,Карл Фридрих Гаусс и русский язык,"С самого начала своей научной деятельности в качестве математика и астронома Карл Фридрих Гаусс поддерживал тесные отношения с Российской императорской Академией наук в Петербурге и со многими коллегами, работавшими в университетах Казани и Дерпта. В возрасте 62 лет от начал учить русский язык и исследовать его структуру, прежде всего для того, чтобы тренировать память и отдыхать от решения математических задач. В настоящей статье описываются разные стадии освоения Гауссом русского языка и делается попытка определить степень (по-видимому, достаточно высокую), в какой он овладел этим языком, который до тех пор был ему совершенно незнаком. Автор статьи анализирует, как Гаусс использовал различные учебники и грамматики русского языка, и оценивает объем его чтения. В статье указывается на то, что Гаусс, по всей вероятности, составил первый обратный словник русского языка.",Русский язык в научном освещении,2012,language acquisition
"Б. Х. Парти, В. Борщев",Два стакана молока: субстанции и контейнеры в родительном падеже меры в русском языке,"Наша тема – конструкции типа стакан молока в русском языке, т.е. конструкции генитива меры, содержащие имена контейнеров.Стакан молока может обозначать количество молока в стакане или одновременно и молоко, и стакан (Pustejovsky [1993] использует термин “dotted type” для такого рода значений); стакан может обозначать единицу меры, аналогичную литру. Мы описываем семантические сдвиги от значения конкретного контейнера до значения соответствующей ему меры, выделяя таким образом четыре значения конструкции. Обсуждаются различные сочетания значений числовых выражений, имен контейнеров и особенно имен субстанций в этих четырех значениях на примере выражения два стакана молока. Разделы 1–4 в значительной мере пересекаются с [Partee and Borschev 2012]; раздел 5 – это новый материал.",Русский язык в научном освещении,2012,semantics
А. С. Кулева,Краткие прилагательные и причастия сквозь призму авторского словаря (из опыта работы над «Словарем языка русской поэзии ХХ века»),"Статья посвящена тому, как отражение в авторской лексикографии кратких форм прилагательных и причастий позволяет анализировать их роль в поэтическом языке определенной эпохи, а также семантические и стилистические особенности этих форм.",Русский язык в научном освещении,2012,"semantics, discourse"
Т. И. Афанасьева,К вопросу о месте и времени славянского перевода Евхология Великой церкви,"В статье исследуются нормы перевода Евхология Великой церкви (храма св. Софии в Константинополе), сохранившегося в двух пергаменных русских списках рубежа XIV–XV вв. из Синодального собрания ГИМ № 675 и 900. Нормы перевода памятника близки к Киприановским переводам богослужебных книг, однако в статье обосновывается предположение, что данный памятник был переведен книжниками круга Киприана при его преемнике митрополите Фотии, по благословению которого был заключен династический брак между русской княжной и наследником византийского престола. Этот брак, как кажется, стал причиной внедрения константинопольского кафедрального богослужения в Московской Руси, тогда как при Киприане распространялись афонские литургические традиции. В языке перевода имеются русизмы, что позволяет предположить участие в переводе русских книжников.",Русский язык в научном освещении,2014,translation studies
Д. А. Стаферова,Социолингвистическое исследование вариативности твердости согласного [Т] или [Т’] перед гласным [E],"В данной статье исследуется произношение [т] или [т’] перед гласным на месте е. В ходе опроса были выявлены тенденции в реализации [т] как твердого или мягкого в зависимости от возраста, пола и ситуации произнесения слова. Анализ полученных данных показывает, что наиболее яркой является корреляция с возрастом.",Русский язык в научном освещении,2014,"sociolinguistics, phonetics"
В. Ю. Апресян,Валентность стимула у русских глаголов со значением эмоций: связь семантики и синтаксиса,"Работа посвящена взаимодействию семантики и синтаксиса в сфере русских глаголов со значением эмоциональных состояний. Общая задача работы — показать, что между семантикой глаголов со значением эмоций и характерными для них типами управления существует мотивированная семантическая связь. У глаголов со значением эмоций традиционно принято выделять валентности Экспериенцера и Стимула. Валентность Экспериенцера обычно оформляется номинативом или дативом, однако для роли Стимула единый способ синтаксического оформления отсутствует. В работе выдвигается следующая гипотеза: разнообразие синтаксического выражения роли Стимула у эмотивных глаголов мотивировано семантически и объясняется тем, что такой роли в чистом виде не существует. У различных эмоций валентность Стимула окрашивается семантикой разных дополнительных ролей — Пациенс (для некоторых глаголов гнева), Адресат (для некоторых глаголов радости), Место (для некоторых глаголов грусти), Инструмент или Часть (для глаголов гордости). Во многих случаях выбор предпочтительной модели управления семантически мотивирован этой дополнительной ролью. Тип дополнительной роли определяется всей структурой эмоционального события, в частности, характером Стимула, желаниями, поведением, речевыми проявлениями и другими особенностями того или иного эмоционального состояния. Если глагол допускает разные модели управления (например, с дативом или с что-конструкцией), каждая из них окрашивает роль Стимула своей семантикой (например, Адресат или Содержание).",Русский язык в научном освещении,2015,"semantics, syntax"
Е. В. Урысон,Изменение структуры полисемии и модальных рамок слова: наречие впору в XIX веке и теперь,"Объект этой работы — семантика наречия впору в языке XIX–XX вв. В языке XIX в. слово впору сохраняло семантическую связь с идеей времени (ср. слово пора), а кроме того, его семантика была более абстрактной. В современном языке слово впору в его некоторых «старых» значениях употребляется в газетном стиле, однако теперь это слово, в целом, является принадлежностью разговорного языка, причем на смену его «старым» значениям пришли другие, семантически более богатые, обладающие сложными модальными рамками. В результате наречие впору в современном языке, в отличие от языка XIX в., с трудом соединяется с отрицанием, а также с некоторыми другими частицами. Обсуждается вопрос об изменении структуры полисемии данного слова. Сделана попытка дать аналитическое толкование разным значениям слова впору и показать их изменение в XIX–XX вв. Рассматривается общая проблема иерархизации значений многозначного слова и представления иерархии значений полисемичного слова в словаре.",Русский язык в научном освещении,2016,semantics
А. А. Плетнева,Лубочные перепечатки газет: к вопросу об орфографическом единстве лубочной письменности,"Статья посвящена перепечаткам газетных текстов второй половины XVIII века в гравированных листах для народа (лубках). Газетные лубки интересны тем, что позволяют сопоставить две версии русской орфографии — стандартную, нормам которой следует газетный текст, и народную, представленную в лубке. Такое сопоставление позволяет выделить позиции, в которых лубочная орфография отличается от стандартной орфографии печатных изданий. Среди особенностей лубочной орфографии можно отметить наличие в текстах церковнославянских букв, выносных букв и надстрочных знаков, хотя в газетном оригинале их, естественно, нет. В лубочных перепечатках газет опускаются знаки препинания, прописные буквы заменяются на строчные. Также наблюдается тенденция замены буквы «ѣ» на «е», «i» на «и», в ряде лубочных листов отсутствует буква «й» и т. д. Материал позволяет говорить о единстве лубочной орфографии. Выясняется, что адаптация газетного текста для лубочного издания производится по тем же принципам, по которым адаптировались в лубке церковнославянские библейские тексты. То есть лубочную орфографию можно рассматривать как некоторое единство, а не как хаотичный набор признаков, возникших в результате безграмотного копирования. Набор орфографических особенностей, который мы наблюдаем в лубочных обработках газетных текстов, присущ не только лубкам, но и другим типам народной письменности (крестьянским письмам, рукописным сборникам и т. д.).",Русский язык в научном освещении,2016,orthography
А. Е. Аникин,Страничка из истории отечественной этимологии на рубеже XX и XXI веков,"В статье говорится о деятельности Группы этимологического словаря, существовавшей в Институте русского языка Академии наук с 1986 по 1994 гг., когда Группа была расформирована. За это время она подготовила довольно обширную этимологическую картотеку и две книги: «Материалы для этимологического словаря русского языка. Вып. 1» и «Из истории русских слов. Словарь-пособие». Вторая из них была опубликована в 1993 г., а первая — лишь в 2003 под названием «Новое в русской этимологии. Вып. 1». Статью завершает публикация трех отзывов на рукопись «Материалов…», написанных в 1992 г. известными учеными — В. Н. Топоровым, А. Ф. Журавлевым и О. Н. Трубачевым. Опыт и результаты Группы этимологического словаря, а также содержащиеся в упомянутых отзывах рекомендации используются А. Е. Аникиным в работе над «Русским этимологическим словарем». Несколько страниц статьи посвящены в этой связи положению в русской этимологической лексикографии.",Русский язык в научном освещении,2016,"etymology, history of linguistics"
Герд Хентшель,Белорусско-русская смешанная речь («трасянка»): 11 вопросов и ответов,"Эта статья является итогом исследовательского проекта по белорусско-русской смешанной речи (БРСР), которую обычно уничижительно называют «трасянкой». БРСР практикуют как субвариант миллионы людей в Беларуси, как правило, в дополнение к русскому. Результаты проекта будут представлены в формате вопросов и ответов. Речь идет об 11 вопросах, которые широко обсуждались в течение последних двух десятилетий: 1. Когда возникла БРСР / трасянка? 2. Как появилась БРСР / трасянка и как происходит процесс ее усвоения? 3. Является ли БРСР / трасянка формой речи необразованных? 4. Есть ли у БРСР / трасянки что-либо общее с пиджинами, креольскими языками или другими «смешанными языками»? 5. Является ли БРСР / трасянка примером переключения кодов (code switching), смешения кодов (code mixing) или смешанного кода (fused lect)? 6. Есть ли у БРСР / трасянки узус или узуальная норма? 7. Можно ли отличить БРСР / трасянку на белорусской основе от БРСР / трасянки на русской основе? 8. Является ли БРСР / трасянка белорусским или русским «диалектом»? 9. Можно ли описывать БРСР / трасянку через классические концепты «диглоссия» и «билингвизм»? 10. Является ли БРСР / трасянка временным явлением в языковом сдвиге от белорусского языка к русскому? 11. Какую роль может играть трасянка / БРСР в поддержке или возрождении белорусского языка?",Русский язык в научном освещении,2017,"dialectology, sociolinguistics"
"М. Л. Каленчук, Д. М. Савинов, Е. С. Скачедубова",Активные процессы в просодической системе русского языка: акцентуация прилагательных,"В статье показано, что основным источником появления акцентных вариантов имен прилагательных в синхронной языковой системе русского языка служат различные видоизменения старых парадигматических различий и формирование на их основе новых закономерностей. Очевидно, что существующую вариативность нельзя объяснять только действием актуальных тенденций развития грамматической системы русского языка: синхронный материал обязательно нужно рассматривать и в диахроническом ключе, что позволит при выработке нормативных рекомендаций по-новому взглянуть на существующие языковые факты.",Русский язык в научном освещении,2017,phonetics
Д. В. Сичинава,Письмо к Чёрту: один малоизвестный пример древнерусского плюсквамперфекта,"В статье разбирается текст дошедшей до нас в виде фрагмента новгородской берестяной грамоты № 4 (XIV век) сквозь призму семантики встретившейся в этом фрагменте формы плюсквамперфекта (былъ выдалъ). Предложена интерпретация подобного употребления (связанная с дискурсивными функциями древнерусского плюсквамперфекта, в частности с употреблением этой формы в начале нарратива), что требует и гипотетической реконструкции текста грамоты в целом. Автор предлагает буквенную поправку к тексту грамоты по сравнению с принятым раньше чтением. Обсуждается также ряд других частных вопросов, связанных с интерпретацией текста.",Русский язык в научном освещении,2017,semantics
"А. В. Зеленин, Д. В. Руднев",Связочный глагол слыть: история модализации,"В статье представлен комплексный (грамматический, лексический, семантический, прагматический) анализ бифункциональной глагольной связки слыть, начиная с древнерусского периода до настоящего времени. Описываются механизмы семантико-грамматической трансформации синкретичного глагола слыть от номинативного значения (‘называться’) к современному модальному значению (‘считаться’).",Русский язык в научном освещении,2018,"lexicology, semantics, pragmatics"
Г. А. Мольков,Смешение букв е и ѣ в Служебной минее начала XII в. (Соф. 188),"В ранней древнерусской письменности существовало два вида орфографических систем со смешением букв е и ѣ: основная, допускавшая смешение в определенном наборе позиций, и более редкая – с частым смешением двух букв, не становившаяся до сих предметом специального исследования. На примере рукописи Соф. 188 в данной статье рассматриваются особенности орфографической системы второго вида. Анализ сплошной выборки материала по смешению е и ѣ в рукописи позволяет показать, что основная часть замен буквы носит системный характер. Несмотря на то что в целом мена допускается в рукописи в большом количестве морфем, по частотности заметно выделяются те позиции, которые непосредственно соотносятся с обычной в ранней древнерусской письменности системой, смешивающей е и ѣ в ограниченном наборе категорий. Писец Соф. 188, отталкиваясь от известного набора типовых позиций, применял ту же механическую операцию замены буквы в расширенном круге морфем и основ. Например, замену рѣ, лѣ > ре, ле в сочетаниях типа *tert он распространяет на любой слог рѣ, лѣ независимо от этимологии; необходимость замены в основе тѣлес- он распространяет на все основы с формантом -ес- и т. п.
Возникновение такой нестандартной орфографической системы сопоставимо с рядом явлений в древнерусской орфографии XI – первой пол. XII в., связанных с устранением отдельных болгаризмов.
",Русский язык в научном освещении,2018,orthography
Е. Э. Базаров,О глагольно-именных конструкциях с полузнаменательным глаголом в деловых документах Забайкалья конца XVII в.,"В статье рассматриваются аналитические конструкции, состоящие из полузнаменательного глагола и абстрактного существительного, равнозначные глаголу в лексико-семантическом отношении, использующиеся в деловых документах конца XVII в. Затрагивается актуальный вопрос об интерпретации глагольно-именных конструкций подобной структуры в современной лингвистике, в том числе обсуждается полнота термина «семантическое расщепление сказуемого». Рассмотрены лексико-семантические и синтаксические особенности глаголов, употребляющихся в деловом языке в роли полузнаменательных, и существительных, сочетающихся с ними. Автор полагает, что тенденция к активному использованию данных конструкций в деловом языке, развивавшаяся на протяжении XVIII в., переломного для русского языка периода, наметилась еще в конце XVII столетия. В качестве иллюстративного материала привлекаются тексты памятников забайкальской деловой письменности конца XVII в.",Русский язык в научном освещении,2018,"lexicology, semantics, syntax"
С. М. Кусмауль,Формирование принципов церковнославянской орфографии в XVII в.,"В статье описывается история формирования принципов церковнославянской орфографии в XVII в. От начала книгопечатания до конца XVII в. орфографическая система стандартного книжного регистра проходит четыре этапа развития. Принципы орфографии, которые определяют графический облик современного церковнославянского языка, в основном формируются в 1640-е гг., во время правления патриарх Иосифа (1642–1652). Применение принципа антистиха, принципа транслитерации основ греческих лексем и позиционного принципа изменяет церковнославянскую орфографию в середине XVII в. и формирует ученую разновидность (по терминологии В. М. Живова) стандартного книжного языка. Эти принципы определяют выбор дублетных букв в начале / в середине и конце слова у исконных лексем, а также в лексемах, заимствованных из греческого языка. Иногда разные принципы на некоторых участках графической
системы пересекаются, что создает условия для вариативности написания. Выбор нужной дублетной буквы осуществляется на основе знания грамматических характеристик слова. В результате изменений, произошедших в 1640-х гг., орфография ученой разновидности книжного языка начинает отличаться от орфографии рукописных церковнославянских памятников того времени. Некоторые орфографические правила и принципы церковнославянского языка переходят и в светскую орфографию, которая формируется после Петровской реформы азбуки.",Русский язык в научном освещении,2019,orthography
О. Е. Пекелис,Нулевая анафора в русском языке: микродиахроническое исследование,"Статья посвящена исследованию условий, ограничивающих опущение референтно-
го подлежащего при финитном глаголе (т. н. нулевая анафора) в русском языке XIX в.
и сегодня. Вопреки устоявшемуся мнению, в XIX в. эти условия отличались от совре-
менных: подлежащее опускалось свободнее, чем позволяет сегодняшняя норма. Этот
факт продемонстрирован для подлежащего в разных синтаксических контекстах (про-
стое утвердительное предложение, вопросительное предложение, зависимая клауза) на
материале данных Национального корпуса русского языка. Произошедшие за послед-
ние два столетия изменения предложено интерпретировать как грамматикализацию
паттерна, известного в типологии как partial null-subject language. Тем самым признаки,
по которым современный русский язык отличается от языка XIX в. в сфере нулевой
анафоры, пополняют перечень признаков, отвечающих этому ярлыку.",Русский язык в научном освещении,2020,syntax
П. А. Бычкова,Свойства дискурсивных формул на примере русских конструкций ты что и что ты,"В статье обсуждается проблема описания значения так называемых дискурсивных
формул — идиоматических реакций на чужое высказывание в диалоге. Они рассматри-
ваются с точки зрения теории грамматики конструкций и определяются в отдельный
класс единиц, имеющий ряд отличительных особенностей. На материале синонимич-
ных конструкций ты что и что ты разрабатывается структура представления семан-
тики русских дискурсивных формул, куда предлагается включать сведения не только
о характере самой реакции, но и о свойствах речевого акта-стимула. При анализе вхож-
дений ты что и что ты в Национальном корпусе русского языка выделяются пять ос-
новных типов употреблений: 1) негативная оценка решения собеседника, 2) вопрос о
причине происходящего, 3) прерывание действия или состояния собеседника (запрет на
продолжение речевого акта, утешение и уговоры), 4) удивление и 5) отрицание. Этот
набор употреблений дает представление о том, какой семантикой могут обладать дру-
гие выражения, принадлежащие к классу дискурсивных формул. Количественный ана-
лиз показывает, что употребления ты что и что ты по-разному распределяются меж-
ду выделенными семантическими классами. Различия в функционировании этих двух
формул объясняются в свете их диахронического развития.",Русский язык в научном освещении,2020,discourse
И. Б. Иткин,Еще раз о надписи на ручке кувшина из Тьмутаракани,"В настоящей статье предлагается новое чтение древнерусской надписи (предполо-
жительно второй половины XI в.) на ручке кувшина, найденного в 1985 г. при раскоп-
ках Таманского городища. От надписи сохранилась правая часть: ...ДЮШЬНИК[Ъ].
В работе выдвигается гипотеза о том, что рассматриваемая надпись представляет собой
производное от укр., рус. диал. кéндюх ‘один из отделов желудка жвачных животных;
блюдо из свиного (реже — говяжьего) желудка с начинкой’, имеющего тюркское про-
исхождение. Наиболее вероятной признается конъектура (КЕНЪ)ДЮШЬНИК[Ъ] ‘со-
суд для приготовления ~ хранения кендюха’ (или, быть может, ‘(сосуд, где хранится)
блюдо из кендюха’).",Русский язык в научном освещении,2020,etymology
"А. В. Малышева, А. В. Тер-Аванесова",Селигеро-торжковский говор деревни Лужниково и ее окрестностей,"В публикации представлены некоторые черты фонетики и грамматики одного сели-
геро-торжковского говора и образцы расшифрованных записей от трех информантов.
Количественный анализ встречаемости аллофонов фонем /а/, /о/, /е/ в первом пре-
дударном слоге после мягких согласных показал достаточно устойчивое яканье в идио-
лектах информантов, рожденных в д. Ситниково в начале 30-х гг. XX в., и тенденцию к
иканью у информантки из д. Осовец 1941 г. р. В идиолектах всех трех информантов об-
наруживается сложная, видимо, переходная система вокализма, в частности, наблюда-
ется частичное различение фонемы /а/, с одной стороны, и фонем /о/ и /е/ — с другой.
У информантов из д. Ситниково система вокализма близка к ассимилятивно-диссими-
лятивному яканью Култуковского типа.
Рассмотрены особенности функционирования в говоре возвратной частицы -ся, не-
которые из которых не встречаются нигде, кроме небольших ареалов в пределах сели-
геро-торжковских говоров.
Набор перфектных (результативных) конструкций в лужниковском говоре характе-
рен для селигеро-торжковских говоров и включает: 1) субъектно-результативные кон-
струкции с предикатами — ш-причастиями от непереходных глаголов (он был пришёд-
цы ‘он пришёл’); переходные глаголы образуют три синонимичных морфолого-
диатезных типа конструкций: 2) объектно-результативные конструкции с н/т-причас-
тиями (он был принесён ‘его принесли’), 3) объектно-результативные с ш-причастиями
(он был принесши ‘его принесли’) и 4) активные «посессивно-результативные» конст-
рукции (люди его принесши ‘люди его принесли’). Субъект в конструкциях (3) и (1)
может быть выражен сочетанием «предлог у + Р. п.», для конструкций (2) выражение
субъекта не характерно. Объект в конструкциях (2)–(3) и субъект в конструкции (1) мо-
гут быть выражены не И., а Р. падежом — при наличии отрицания или выражении ко-
личества. Перфектные конструкции без синтаксического подлежащего относятся к без-
личному, неопределенно-личному и определенно-личному типам.",Русский язык в научном освещении,2020,dialectology
И. А. Подтергера,"Германское, латинское и церковнославянское в языке и тексте Смоленской грамоты 1229 г.","Смоленская грамота 1229 г. содержит текст одного из ранних международных до-
говоров восточных славян с товариществом германских готландских купцов. Статья
исходит из тезиса о том, что старшая, рижская, редакция договора была ориентирована
на латинские языковые образцы, а при работе над младшей, готландской, редакцией
использовался текст на средненижненемецком языке. Цель статьи — рассмотреть Смо-
ленскую грамоту в контексте латинских и немецкоязычных грамот XIII в. и выявить на
уровне языкового оформления отдельных частей формуляра и на уровне синтаксиса
условных предложений ее связь с латинской, германской, но также и церковнославян-
ской письменными традициями. После двух вступительных разделов, в которых пред-
ставлены актуальные взгляды на датировку обеих редакций и обосновывается поста-
новка проблемы, в статье предлагается обзор результатов предшествующих исследова-
ний, в которых уже ставился вопрос об иноязычных оригиналах грамоты. Далее
делается акцент на культурно-языковые и социолингвистические аспекты использова-
ния сакральных и народных языков при письменной фиксации правовых актов в XIII в.
В исследовательской части древнерусская Смоленская грамота анализируется с точки
зрения следования латинскому формуляру, но одновременно учитывается немецкоя-
зычная рецепция этого формуляра. В латинских грамотах, составленных в Риге в
XIII в., обнаруживаются очень близкие, почти дословные параллели к преамбуле риж-
ской редакции грамоты. В свете немецкоязычной традиции адаптации латинского фор-
муляра предлагается новое понимание аренги готландской редакции. Систематический
анализ синтаксиса условных конструкций позволяет наглядно показать различия в язы-
ковом оформлении условных предложений в обеих редакциях договора, которые объ-
ясняются следованием различным языковым образцам. В списках готландской редак-
ции обнаруживаются еще несколько характерных синтаксических германизмов, тогда
как ориентирующаяся на латинский формуляр рижская редакция оказывается одновре-
мен но связанной с церковнославянской традицией юридических текстов.",Русский язык в научном освещении,2021,"syntax, discourse"
"А. А. Гиппиус, Д. В. Сичинава",Поправки и замечания к чтению ранее опубликованных берестяных грамот [XIII]: предварительная публикация,"Настоящая публикация — предварительная версия раздела «Поправки и замечания
к чтению ранее опубликованных берестяных грамот» из будущего XIII тома издания
«Новгородские грамоты на бересте». Предлагаются поправки, дополнения и коммента-
рии к ранее найденным берестяным грамотам и свинцовой грамоте № 1; для грамот да-
ется уточнение буквенного состава, лингвистического анализа, перевода, а также раз-
личные конъектуры. Поправки будут учтены при обновлении базы данных gramoty.ru
и Национального корпуса русского языка.",Русский язык в научном освещении,2021,etymology
С. М. Толстая,Материалы к словарю «Причитаний Северного края» Е.В. Барсова. Составные номинации,"Работа посвящена языку севернорусских причитаний из сборника Е. В. Барсова, из-
данного 150 лет тому назад. Сборник представляет интерес как памятник фольклора
и как аутентичный текст севернорусского олонецкого наречия. Статья посвящена ти-
пичным для поэтического языка фольклора составным номинациям (прежде всего лек-
сическим биномам), образованным на основе двух (редко трех) лексических единиц
(существительных, глаголов и других частей речи). Рассматриваются внутренние от-
ношения между членами биномов, обеспечивающие их лексикологическое единство на
словообразовательном, грамматическом и семантическом уровнях. Публикуется сло-
варь биномов (более 800 единиц), который может служить основой для дальнейших ис-
следований языка и поэтики фольклора, а также севернорусской диалектной лексики.",Русский язык в научном освещении,2021,"dialectology, discourse"
А. К. Киклевич,Изъяснительный союз как в русском — jak в польском: семантика и сочетаемость,"Автор сравнивает семантические и дистрибутивно-синтаксические свойства рус-
ского союза КАК и его польского аналога JAK в изъяснительном предложении. Анали-
зируются представленные в польской и русской лингвистической литературе разные
трактовки этих единиц (динамический характер содержания сентенциального актанта,
фактивность, внутренняя перспектива и др.). Автор представляет собственную концеп-
цию, в соответствии с которой данные союзы трактуются как показатели внутренней
(не манифестированной) спецификации описанной в придаточной части ситуации. Дист-
рибутивно-синтагматические особенности союза описываются с учетом лексического
значения матричного и включенного предиката, а также его грамматических характе-
ристик — с точки зрения категории вида и времени. Рассматриваются также различи-
тельные характеристики союзов в польском и русском языках.",Русский язык в научном освещении,2022,"semantics, syntax"
"К. А. Гилярова, И. Б. Иткин",Про царей и зверей: закономерности акцентуации одной группы русских фамилий,"Статья посвящена закономерностям акцентуации русских фамилий на -ов (-ёв, -ев),
образованных от односложных существительных мужского рода: хвост — Хвосто́в,
лист — Листо́в и Ли́стов, зверь – Звéрев и т. д. Акцентуация таких фамилий определя-
ется сложным взаимодействием двух факторов – исхода основы мотивирующего слова
и его схемы ударения. Анализ материала показывает, что, вопреки предшествующим
описаниям, фамилии, образованные от существительных с исходом основы на одиноч-
ный парно-твердый согласный, в подавляющем большинстве случаев имеют ударение
на корне независимо от схемы ударения мотивирующего слова (ср. Чéхов, Зу́бов, У́мов
и т. д.). Для фамилий, производных от существительных акцентной парадигмы b
(Бы́ков, Кóтов, Сóмов и т. д.), такое ударение является инновацией: ср. ударения
Быкóв, Котóв в позднедревнерусских памятниках. Обсуждаются аргументы за и против
гипотезы о том, что данный акцентный сдвиг обусловлен тенденцией к расподоблению
фамилии в ее словарной форме с формой Р. мн. мотивирующего существительного:
Бы́ков ≠ быко́в и т. д.",Русский язык в научном освещении,2022,phonetics
M. Grübsch,Periphrasen mit Futurreferenz in den Vesti-Kuranty,"Современные формы будущего времени несовершенного вида в русском языке
прошли сложный путь развития. Исходя из результатов исследований М. Мозера и
Я. А. Пеньковой, в предлагаемой статье анализируются перифрастические конструк-
ции, выражающие значение будущего времени. Анализ проводится на материале Вес-
тей-Курантов середины XVII в. Этот корпус текстов является важным источником для
исследований русской грамматики того времени. Статья показывает, что в Вестях-
Курантах конструкция буду + инфинитив относится к числу наиболее часто используе-
мых конструкций для образования будущего времени",Русский язык в научном освещении,2022,"etymology, morphology"
Д. С. Кулмаматов,Восточные реалии в среднеазиатских делах Посольского приказа XVII в.,"В статье рассматривается функционирование восточных реалий в текстах русскойскорописной деловой письменности из среднеазиатских дел Посольского приказаXVII в. — старинных русских переводах челобитных хивинских и бухарских послов,росписях ханских и посольских подарков, предназначенных российским правителями другим российским должностным лицам, статейных списках русских посланников вСреднюю Азию, отписках воевод русских городов, Посольских книгах по связям Россиис Хивой и Бухарой, хранящихся в фондах 109 «Сношения России с Бухарой», 134 «Сно-шения России с Хивой» Центрального государственного архива древних актов в Москве.Показана лингвистическая содержательность указанных источников: на большом фак-тическом материале проанализирована адаптация восточных реалий в текстах старин-ных русских переводов челобитных хивинских и бухарских послов, ханских и посоль-ских подарков, написанных на официальных среднеазиатских языках — тюрки и фарсиXVII в., а также пути их проникновения в словарный состав русского языка. Самоеглавное, каждая из этих восточных реалий исследована в сопоставлении с соответству-ющим ей восточным эквивалентом. Отмечено, что они предоставляют в распоряжениелингвистов ценный материал для решения ряда актуальных теоретических вопросоврусской исторической лексикологии: 1) толкование восточных реалий в скорописныхрусских текстах среднеазиатских дел Посольского приказа; 2) выявление восточныхреалий, не засвидетельствованных в «Словаре русского языка XVI–XVII вв.»; 3) болееранняя фиксация восточных реалий, чем в исторических словарях русского языка;4) установление и уточнение нового значения некоторых восточных реалий.",Русский язык в научном освещении,2023,linguoculture
"Р. В. Ронько, А. С. Азанова, А. Д. Анисимов, Е. Е. Войтович, Е. А. Заливина, С. А. Землянская, И. А. Марченко, Д. И. Мочульский","Псковский говор деревень Шетнево, Макеево, Щелкино, Терехово и Степаньково Западнодвинского района Тверской области. Элементы корпусного описания и полевые материалы","Статья посвящена псковскому говору четырёх близкорасположенных деревеньв Западнодвинском районе Тверской области. Говор относится к группе среднерусскихакающих псковских говоров и соседствует со смоленскими говорами, относящимсяк южнорусскому наречию. В работе описываются морфологические и синтаксическиечерты говора. Морфологический анализ посвящён падежным окончаниям имени суще-ствительного, личным, указательным и вопросительно-относительным местоимениям,глагольной парадигме презенса, возвратным суффиксам глагола, морфологии причас-тий. В синтаксических разделах описаны согласование причастий, номинативный объ-ект, некоторые конструкции с предлогами, конструкция со связкой быть и финитнымглаголом в прошедшем времени, а также способы выражения внешнего посессора.",Русский язык в научном освещении,2023,dialectology
А. А. Герасимова,Значимость порядка именных групп для классификации биноминативных предложений,"В статье исследуется роль порядка именных составляющих в биноминативном предложении в сравнении с их денотативным статусом. Два типа биноминативных предложений, предикативные и специфицирующие, противопоставляются на основании того, какой является именная группа, предшествующая связке: более референтной или менее референтной относительно именной группы, расположенной после связки. Вместе с тем многие исследователи отмечают различие в денотативном статусе менее референтной именной составляющей: в специфицирующих предложениях соответствующая именная группа имеет атрибутивное прочтение. С помощью синтаксического эксперимента мы исследуем влияние фактора порядка и фактора денотативного статуса на приемлемость биноминативного предложения. Результаты показывают асимметрию в оценках для прямого и инвертированного порядка именных групп в специфицирующих предложениях. Данный результат наблюдается только в случае согласования с первой именной группой, но не при согласовании со второй. Несмотря на то, что взаимодействие факторов не является универсальным и наблюдается только в случае согласования с первой именной группой, экспериментальные результаты позволяют утверждать, что для формирования оппозиции предикативных и специфицирующих предложений одного критерия порядка недостаточно. Мы делаем вывод, что статус менее референтной именной группы в специфицирующих и предикативных предложениях отличается, что должно быть отражено в формальной модели биноминативного предложения.",Русский язык в научном освещении,2023,"semantics, syntax"
Н. П. Иордани,Инфинитив с частицей бы и сослагательное наклонение в контекстах с чужой речью в деловых документах XVI–XVII вв.,"Косвенная речь широко представлена в старорусских деловых источниках — в жалованных грамотах, указах и памятях, написанных в ответ на челобитные, содержащие разнообразные просьбы, адресованные наделенному властью лицу. Формы императива, выступающие в такого рода речевых актах, в контекстах с косвенной речью употребляться не могли и требовали замены. В старорусском языке в этой функции наряду с формами сослагательного наклонения мог использоваться инфинитив с частицей бы, который не только выражал оценочное значение, как в современный период, но и нес побудительную семантику.Исследование показало, что выбор глагольной формы в контекстах с косвенной речью зависел от лица субъекта: сослагательное наклонение употреблялось с подлежащим в 3-м лице, в то время как инфинитив с частицей бы в большинстве случаев сочетался с местоимениями 1-го лица. Спорадически встречаются употребления инфинитива с частицей бы с субъектом в 3-м лице.Этой закономерности может быть дано объяснение: дело в том, что сослагательное наклонение и инфинитив с частицей бы не только обозначают событие, которое гипотетически может иметь место в действительности, но и выражают оценку этой ситуации с точки зрения ее желательности и необходимости. Следовательно, обе глагольные формы подразумевают существование и субъекта действия, и субъекта оценки ситуации. Сослагательное наклонение не допускает их совпадения, которое возникает в контекстах с местоимением 1-го лица, когда субъекты действия и оценки сливаются в фигуре говорящего. По этой причине сослагательное наклонение в косвенной речи сочетается только с субъектами 3-го лица. Инфинитив с частицей бы, как правило, выступает в высказываниях, подразумевающих совпадение субъектов действия и оценки, поэтому присоединяет к себе местоимения 1-го лица. Однако запрета на его употребление в случаях, когда субъектами действия и оценки являются разные участники ситуации, не возникает, что объясняет способность инфинитива с частицей бы сочетаться и с 3-м лицом.",Русский язык в научном освещении,2023,"morphology, discourse"
Ю. В. Псянчин,Преподавание государственных и родных языков в Уфимском филиале ФГБОУ ВПО «Московский государственный гуманитарный университет им. М.А.Шолохова»,"В статье рассматривается роль закона о языках Республики Башкортостан от 1999 г. в преподавании языков в отдельно взятом высшем образовательном учреждении, а также Федеральный закон No309-Ф3 от 2007 г. Вниманию читателя предлагается учебный план Уфимского филиала Университета им. Шолохова, в котором дисциплина «Родной язык» предполагает изучение трех языков — башкирского, русского и украинского — в статусе родного языка. В статье особо отмечается преподавание предмета «Родной язык (башкирский язык)» и заслуга ученых и преподавателей в разработке программ для преподавания. Закон РБ «О языках народов Республики Башкортостан» в полной мере реализуется в Уфимском филиале преподаванием и пропагандой государственных и родных языков Башкортостана, что, со своей стороны, является основой для толерантности и межнационального согласия.",Родной язык,2013,language acquisition
С. М. Ярошевич,Классные показатели в табасаранском языке как категориальные вершины,"В статье рассматриваются некоторые особенности устройства именных групп в табасаранском языке (а именно, категориальный статус классных показателей). В результате анализа конструкций, в которых классные показатели присоединяются к глагольным формам, обычно характеризуемым как причастия, показано, что классные показатели присоединяются не к отдельным лексемам, а к целым фразовым составляющим. Эти составляющие, по всей видимости, содержат в себе фонетически невыраженные единицы, которые в данной конструкции ведут себя как подлежащее. Однако такие конструкции не вполне логично было бы рассматривать как субстантивацию. В статье предлагается это явление анализировать в рамках подхода Distributive Morphology, согласно которому категориальные вершины n и v, определяющие именные и глагольные свойства составляющих, могут располагаться на разных уровнях предложения, в зависимости от свойств конкретного языка.",Родной язык,2013,syntax
Ф. О. Абаева,Термины института приданого в обрядовом свадебном тексте осетин,"Статья посвящена терминам предметного кода свадебного текста осетин, их семантике и символике. В ней рассматриваются также лингвокультурологические характеристики предметного кода института приданого, специфика функционирования терминов лексики текста осетинской свадьбы, которые в тексте статьи выделены полужирным курсивом.",Родной язык,2015,linguosculture
Яковлев П. Я.,"Переводы «Отче наш» в свете становления и развития письменного чувашского языка
","В статье собраны, и в хронологическом порядке выстроены, известные нам переводы текста «Отче наш» на чувашский язык начиная со второй половины XVIII в. вплоть до современных переводов XXI в. Представленный лингвистический анализ позволяет сделать выводы о том, что переводы «Отче наш» в той или иной степени отражают этапы становления письменного чувашского языка.
",Родной язык,2019,translation studies
Долгова А. П.,"Об изменениях в ситуации с родными языками в школах Чувашии: взгляд из региона
","В статье рассматривается одна из проблем языковой ситуации в республиках Российской Федерации, а именно — место родных языков в общем образовании на примере Чувашии. Особое внимание обращено на освещение вопросов, связанных с этим, в научных работах, официальных источниках и средствах массовой информации.
",Родной язык,2020,sociolinguistics
Кибрик A. A.,"Пространственная ориентация в верхнекускоквимском языке: традиционная система и контактная реинтерпретация
","Верхнекускоквимский язык (атабаскская языковая семья, Аляска) использует развитую систему пространственной ориентации. Эта система основана на топологических осях «выше/ниже по течению» и «выше/ниже по склону», которые могут использоваться, в том числе, и в глобальном масштабе – применительно к наиболее крупным ориентирам местности: реке Кускоквим и Аляскинскому хребту. После того как среди верхнекускоквимцев распространились билингвизм и бикультурность, у разных носителей система ориентации стала пониматься несколько иначе. Мы можем наблюдать, как в результате языковых контактов семантика модифицируется и появляются частные переинтерпретации на уровне отдельных идиолектов.
",Родной язык,2021,semantics
В. И. Беликов,"Другая сноха и новая невестка
","В статье рассматривается нейтрализация понятий ‘жена сына’ и ‘жена брата’ в термине сноха. Выявляется ядро ареала такого узуса: Средняя Волга — Южный Урал. Невестка в этом ареале используется как уменьшительное к невеста.
",Родной язык,2022,lexicology
Н. Б. Кошкарева,"Из истории разработки хантыйской письменности: среднеобской диалект как основа литературного языка (40-50-е гг. ХХ в.)
","В истории становления хантыйской письменности разные диалекты в качестве основы для литературного языка последовательно сменяли друг друга. Первые варианты письменности были разработаны на основе северных (западных) диалектов — обдорского и казымского, однако в 40‒50-е гг. ХХ в. произошел переход на среднеобской диалект, на котором было опубликовано большое количество учебной литературы и художественных произведений — переводных и оригинальных. В статье анализируются материалы Окружной конференции по выбору литературного хантыйского языка, опубликованные в газете «ОстякоВогульская ПРАВДА» от 29 июня 1940 г., в которых обсуждается необходимость перехода на среднеобской диалект, отмечается вклад П. К. Животикова в обоснование выбора новой диалектной основы для формирования литературного языка.
",Родной язык,2022,dialectology
Д. И. Эдельман,"Из истории названий небесных светил в миноритарных иранских языках Памиро-Гиндукушского ареала
","Названия небесных светил в языках Памиро-Гиндукушского ареала этимологически неоднородны. Их различия не случайны: они являются свидетельствами определенных социальных и культурных явлений и процессов в истории народов, населяющих ареал. В статье рассматривается история компонентов этой ареальной лексической группы.

Выявлены этимологически отличные названия Солнца, происхождение которых объясняется мировоззренческими традициями местного населения, уходящими в глубокую древность, когда Солнце было и светилом, и верховным божеством, что в результате дало в одних языках продолжения праиранского названия Солнца, а в других было вытеснено именами божеств, которые почитались в определенную эпоху: вначале именем индоиранского божества Митры, позднее именем верховного божества зороастрийцев Ахура Мазды. В вымерших литературных языках Средневековья наблюдаются выражения, свидетельствующие об обожествлении Луны, которые не отмечены в малых языках данного ареала. Названия звезды в языках данного ареала восходят к единому праиранскому корню, продолжающему и.-е.*stēr- ‘звезда’. Другой иранский термин, употребляемый для обозначения ‘звезды’, выступающий также в значениях ‘зодиакальное созвездие, знак зодиака и пр.’, и восходящий к варианту и.-е.‘ночь’ — *nokᵂt-,*n̥kᵂter- — засвидетельствован главным образом в памятниках Cредневековья: среднеперсидских, парфянских, а также в текстах на классическом персидском языке, в древнеиранских текстах в виде самостоятельного слова он не зарегистрирован. При этом ваханский язык, один из миноритарных языков Памиро-Гиндукушского ареала, — единственный из живых иранских языков, сохранивший рефлексы данной индоевропейской основы, хотя и другого ее варианта.

Рассмотренные случаи своеобразия в истории названий небесных светил в языках Памиро-Гиндукушского ареала состоят в лексических заменах, в необычных словообразовательных моделях, семантических сдвигах и сохранении рефлекса глубокого индоиранского архаизма.",Родной язык,2023,onomastics
Л. Р. Додыхудоева,"Шугнанский перевод сказки Вильгельма Гауфа «Маленький Мук»
","В статье представлен шугнанский перевод сказки немецкого писателя Вильгельма Гауфа «Маленький Мук» — истории злоключений крошечного человечка, внешний вид которого вызывает насмешки у окружающих. Мук становится обладателем волшебных туфель и надеется на счастье, но завистники отнимают их и лишают этой надежды. С помощью чудесных плодов Мук вновь обретает туфли и наказывает обидчиков.

В 1930-е годы в рамках советской кампании по созданию алфавитов для бесписьменных языков Горно-Бадахшанской автономной области была начата работа над созданием алфавита и разработкой системы письменности для шугнанского языка на основе латинской графики. На базе этого алфавита на шугнанском языке были изданы буквари, учебные книги, переводная литература.

В настоящей статье шугнанский текст переведенной и опубликованной в 1938 г. сказки «Маленький Мук» представлен в следующем формате: запись шугнанского текста по изданию 1938 г.; шугнанский текст снабжен поморфемной нотацией, запись текста в строке поморфемной нотации подана на базе принятой в настоящее время системы иранистической транскрипции на основе латиницы с добавочными знаками; кроме того, шугнанский текст приводится в сопровождении перевода на русский язык.

Представление текста в таком формате делает возможным его использование в ходе сравнительно-сопоставительных языковых исследований, а также в рамках разысканий, связанных с интертекстуальностью.",Родной язык,2023,translation studies
О. А. Казакевич,"Семейное предание о великом шамане
","В публикации представлено семейное предание о великом шамане Тама-ире, рассказанное его правнучкой Ариной Алексеевной Тамелькиной (в девичестве Калиной) (1932–2022) в июле 2013 г. в поселке Красноселькуп, районном центре Красноселькупского района Ямало-Ненецкого автономного округа. Затранскрибировать и перевести аудиозапись текста мне помогла дочь Арины Алексеевны Валентина Владимировна Тамелькина. С Ариной Алексеевной я познакомилась в 2002 г. в Красноселькупе. Мы работали с ней регулярно в течение трех недель, записали несколько текстов и большой озвученный селькупский словарь на 2000 лексем с примерами. Она рассказывала о себе, но ни словом тогда не обмолвилась о своем великом предке. По-видимому, слишком глубоко укоренилась в ней память о борьбе с шаманами на Тазу, об опасности говорить о подобных вещах. Только после более 10 лет знакомства мне посчастливилось услышать ее рассказ.

Собственно шаманских текстов, в которых личность и функция шамана занимает центральное положение, у северных селькупов записано относительно немного. Среди них можно выделить реалистические описания повседневной жизни шаманов, шаманские легенды, повествующие о подвигах больших шаманов и войнах между ними, внешние описания камланий, сделанные очевидцами, и, наконец, «внутренние» тексты, представляющие собой фрагменты шаманских камланий (песнопения, призывающие духов-помощников или описывающие путешествие шамана в иные миры, песни начинающего шамана и др.). В данном случае мы имеем дело с шаманской легендой как частью истории семьи рассказчицы.",Родной язык,2023,linguoculture
Олег Феофанович Жолобов,Контрасты квантификации глаголов творити – сътворити и их синонимов в древнерусских источниках (на материале исторического корпуса «Манускрипт»),"В статье предпринят первый опыт описания контрастов квантификации глаголов лексического ряда дѣлати – съдѣлати, дѣяти – съдѣяти, творити – сътворити. Под квантификацией понимается количественное измерение качественных характеристик – грамматических параметров лексических единиц. Исследование выполнено на материале исторического корпуса «Манускрипт». Для анализа избраны подкорпусы Евангелия и летописей, привлекаются также данные берестяных грамот. Установлено, что названные глагольные пары являются видовыми в той мере, в какой они представлены идентичными лексическими значениями. Весь лексический ряд связан отношениями синонимии. Вторичная имперфективация привела к расширению ряда тремя лексемами: съдѣловати, съдѣвати, сътваряти. Результаты квантификации демонстрируют следующую группу контрастных отношений: количественное преобладание глагольной пары творити – сътворити; больший количественный вес перфективного глагола, в отличие от двух других глагольных пар; заметный количественный перевес форм презенса прежде всего от имперфективных глаголов в Евангелии; существенное преобладание перфективных форм аориста. Контрастные отношения вскрывают дискурсивные особенности текстов, а также особое место глаголов творити – сътворити в выражении общей идеи предикации и заместительной функции. Замена глагола творити на глагол дѣлати впервые отмечается в Суздальской летописи.","Вестник Волгоградского государственного университета. Серия 2, Языкознание.",2023,semantics
"Яна Александровна Волкова, Надежда Николаевна Панченко, Наталья Константиновна Пригарина","Дискоммуникация: межкультурный,  дискурсивный и лингвоэкологический аспекты","В статье уточняется понятие дискоммуникации, определяется его место в ряду смежных понятий: коммуникативной неудачи и коммуникативного конфликта, предлагаются пути исследования дискоммуникации на дискурсивном уровне. В рамках концепции эмотивной экологичности коммуникации, разработанной В.И. Шаховским, предложена новая трактовка дискоммуникации как зонтичного термина, объединяющего разнообразные варианты неэффективного общения в результате неосуществления или неполного осуществления коммуникативного намерения и недостижения поставленных целей или их рассогласования. В межкультурном и интракультурном общении итоговая неэффективность и нерезультативность взаимодействия коммуникантов обусловлена рядом причин как лингвистического, так и экстралингвистического характера, среди которых нарушение этических норм и лингвоэкологичности общения; несоблюдение правил аргументации; применение манипулятивных стратегий и др. Неосуществление замысла адресанта иллюстрируется контекстами из русскоязычного судебного дискурса, демонстрирующими нарушения в целеполагании, несоблюдение правил аргументации (нарушение границ тезиса, обращение к некорректной аргументации и т. п.), неудачную вербализацию замысла. Расширение списка дискурсов для анализа дискоммуникации позволит в будущем выявить специфику ее реализации в различных речевых жанрах и типах общения, установить причины ее возникновения и создать рекомендации по ее преодолению. Я.А. Волковой и Н.Н. Панченко проанализированы существующие в научных парадигмах подходы к определению понятия дискоммуникации, дано рабочее определение, предлагаемое к использованию на дискурсивном уровне. Обоснован выбор судебного дискурса в качестве материала исследования институциональной специфики дискоммуникации. Н.К. Пригариной выделены основные причины возникновения дискоммуникации в судебном дискурсе, проведен анализ примеров дискоммуникации в судебном дискурсе.","Вестник Волгоградского государственного университета. Серия 2, Языкознание.",2023,discourse
Ирина Александровна Сафонова,Глагольно-именные сочетания с семантикой зрительного восприятия: синхронно-диахронический аспект,"Статья посвящена проблеме выявления потенциала русских глаголов для выражения перцепции. Объектом изучения избраны стилистически маркированные глагольно-именные сочетания со значением зрительного восприятия (вперить глаза / взгляд / взор; лупить глаза; пялить глаза; таращить глаза). Материалом для анализа послужили данные лексикографических источников, отражающих состояние языковой системы в разные периоды ее развития, а также факты функционирования глагольно-именных сочетаний, представленные в Национальном корпусе русского языка. С применением комплексного подхода охарактеризованы сочетаемостные возможности этих единиц в современном русском языке и показана ограниченность в их употреблении рамками художественного и публицистического стилей. В качестве механизма формирования семантики восприятия определены семантические изменения в значениях глагольных компонентов, сделавшие возможным использование их в сочетании с существительными перцептивной сферы для выражения напряженного зрительного восприятия. Показано, что в основе семантических изменений описанных сочетаний лежит сходство процесса зрительного восприятия и того процесса, который изначально с ним не связан, но может быть воспринят с помощью органов зрения (перемещения в пространстве или физического воздействия на объект). Полученные результаты могут послужить основой для дальнейших научных разысканий в рамках сенсорной лингвистики.","Вестник Волгоградского государственного университета. Серия 2, Языкознание.",2022,semantics
Евгения Геннадьевна Дмитриева,"Терминологические значения лексики эмоций в «Уставе князя Владимира о десятинах, судах и людях церковных»","В статье на материале одного из древнейших памятников древнерусской законодательной мысли – «Устава князя Владимира о десятинах, судах и людях церковных» (далее – «Устава князя Владимира...») – рассматриваются процессы формирования терминологии на основе общеупотребительных слов. Объект исследования составляет лексика эмоций. Опираясь на результаты компонентного и контекстуального анализа, автор приходит к выводу о том, что базой для формирования терминологического значения эмотивов послужила выражаемая ими каузальная семантика, поскольку причиной или следствием эмоционального переживания всегда выступает нечто объективное – предмет, признак, процесс. Установлено, что семантический сдвиг происходит в слове тогда, когда меняются характеристики субъекта (страшный суд, проклясть) или объекта (обидěти, пообидěти, преобидěти). Соотношение эмотивного и терминологического значений позволило разделить лексику эмоций в «Уставе князя Владимира...» на три группы: слова, используемые в эмотивном значении; слова, в значении которых наблюдается синкретизм эмотивного и терминологического значений; термины-омонимы. С привлечением лексикографических данных выявлена неустойчивость терминологических значений эмотивов, употребленных в юридическом тексте, и сохранение их в текстах, функционирующих в церковной сфере.","Вестник Волгоградского государственного университета. Серия 2, Языкознание.",2022,"discourse, lexicology"
Елена Юрьевна Позднякова,Дискурсивный эксперимент как способ актуализации дискурса онима,"В статье обоснована методика проведения дискурсивного эксперимента как поэтапного исследования, необходимого для развертывания дискурса имени собственного. Исходя из предположения, что оним актуализирует дискурс, стоящий за ним, автор разработал модель дискурсивного эксперимента: 1-й этап – ассоциативный эксперимент; 2-й этап – моделирование диалогического текста; 3-й этап – моделирование монологического текста. Материалом для апробации предложенной модели послужили наименования городских коммерческих объектов (эргонимы) как наиболее распространенная в городском пространственном дискурсе группа собственных имен, функционирующих и в обыденном, и в институциональном дискурсах. В ходе ассоциативного эксперимента получены реакции, представляющие собой начальный этап развертывания дискурса онима. На данном этапе были задействованы деривационный, парадигматический и синтагматический механизмы. На втором этапе получены диалогические высказывания; коммуникативные модели построения диалога были условно разделены на модели противопоставления, сравнения и распространения. В результате 3-го этапа эксперимента были смоделированы тексты преимущественно фантазийного характера. Проведенный эксперимент доказал, что оним является не просто свернутым тек-стом, а компрессией множества разнообразных текстов, в динамике обладающей потенциалом развертывания и создающей дискурсивное поле онима.","Вестник Волгоградского государственного университета. Серия 2, Языкознание.",2022,discourse
Владимир Михайлович Маевский,Имплицитная речевая агрессия в текстах современных британских СМИ,"Актуальность проведенного исследования обусловлена тем, что речевая агрессия, активно используемая в современном медиадискурсе, становится одним из инструментов воздействия на целевую аудиторию в «информационных войнах»: средства массовой информации, имеющие мировую известность, применяют имплицитную речевую агрессию для глобального манипулирования общественным мнением. В статье предложена методика качественно-количественного анализа новостных фреймов с последующим выявлением имплицитной речевой агрессии. Материалом для анализа послужили статьи по наиболее актуальным вопросам внешней и внутренней политики Великобритании, опубликованные в 2019–2020 гг. авторитетными периодическими изданиями «The Times», «The Guardian» и «The Observer». Проанализированы фреквенции речевой агрессии как средства имплицитного воздействия на читательскую аудиторию. Установлены тенденции использования импликатур, потенциально выражающих речевую агрессию. Показано, что такие импликатуры представлены преимущественно в конфликтогенных текстах, содержащих материалы, степень враждебности которых варьируется от оскорбления до вербального экстремизма. Установлено, что в публикациях доминируют фреймы «Политика по борьбе с COVID-19», «Отношения с ЕС после Brexit», «Санкции против политического режима в России». При этом из средств реализации имплицитной речевой агрессии в британских СМИ наиболее востребованы такие, как ложное обвинение, сарказм, метафора, насмешка, упрек, ирония, угроза.","Вестник Волгоградского государственного университета. Серия 2, Языкознание.",2022,discourse
Людмила Анатольевна Юшкова,Словообразовательный потенциал существительного Corona в немецкой cубстантивной лексике периода пандемии COVID-19,"В статье рассматривается словообразовательная роль основы существительного Сorona в современном немецком языке, которое составляет ядро лексико-семантического поля «коронавирусная пандемия». В исследовании охарактеризована словообразовательная динамика в корпусе немецких существительных, относящихся к одному словообразовательному гнезду и образованных от основы существительного Corona. Материалом для анализа послужили 250 лексем. Данные об их употреблении получены на основе изучения контекстов, представленных в лексикографических изданиях, в статьях немецких новостных изданий, на веб-сайтах и в социальных сетях. Подтверждено, что словосложение – это ведущий способ образования неологизмов в немецком языке. Выявлены продуктивные модели образования сложных слов с основой существительного Corona, описано их словообразовательное значение. Охарактеризованы группы сложных слов в зависимости от степени их морфосемантической мотивированности. Определена степень словообразовательной активности моделей и аффиксов в выбранной для анализа лексической сфере. Выявлены особенности употребления производных существительных и степень их частотности. Показано, что лексемы, образованные по конкурирующим моделям, имеют семантические и функциональные отличия. Установлено, что в немецком субстантивном словообразовании периода коронавирусной пандемии сильна тенденция к активному использованию периферийных словообразовательных моделей, в частности парономастического словообразования.","Вестник Волгоградского государственного университета. Серия 2, Языкознание.",2022,"morphology, discourse"
Анатолий Леонидович Шарандин,Категория репрезентации числительного,"В статье с позиций теории репрезентации, традиционно применяемой к пониманию частеречной специфики глагола, осмысливается категориальная природа числительного как части речи. Языковая репрезентация позволяет описать знания о первичных и вторичных синтаксических функциях, представленных когнитивными коммуникативно-дискурсивными формами. Они демонстрируют различную степень реализации количественного признака с точки зрения его полноты и яркости в разных формах числительного. Выделены его репрезентанты в основной синтаксической позиции – в составе нумеративного (счетного) оборота (типа три стола) и в неосновных синтаксических позициях – адъективный нумератив (порядковые числительные типа третий), адвербиальный нумератив (наречные формы типа триж-ды) и субстантивный нумератив (существительные типа тройка). В них количественный признак оказывается осложненным в результате взаимодействия числительного с теми частями речи, для которых его неосновные синтаксические позиции являются основными. Шкала количественности демонстрирует уменьшение степени полноты и яркости восприятия количественного признака в направлении от прототипического (количественные числительные) до минимального в субстантивных формах. Синтаксический характер категории репрезентации позволяет отразить в большем объеме и разнообразии частеречную семантику числительного.","Вестник Волгоградского государственного университета. Серия 2, Языкознание.",2021,morphology
"<a href=""https://doi.org/10.15688/jvolsu2.2021.5.1"">https://doi.org/10.15688/jvolsu2.2021.5.1</a>, Елена Ивановна Коряковцева, Лариса Викторовна Рацибурская, Марина Всеволодовна Сандакова",Динамика оценочных интенсификаторов в русском  языке XXI в.: словообразовательный и семантический аспекты,"Статья посвящена проблемам лингвокогнитивного и прагмалингвистического изучения категорий оценочности и интенсивности. Цель исследования – установление связи между ними на материале словообразовательных и лексических единиц из лексикографических источников, медийных и художественных текстов XXI века. В результате исследования с использованием методов словообразовательного, семантического и контекстуального анализа охарактеризованы словообразовательные (Е.И. Коряковцева, Л.В. Рацибурская) и лексические (М.В. Сандакова) интенсификаторы. Выявлены аффиксальные и аффиксоидные интенсификаторы, неодериваты с интенсификационной семантикой, созданные способом редупликации (Л.В. Рацибурская). Обнаружена оценочная амбивалентность размерно-оценочных аффиксов, обусловленная прагматической установкой, контекстными условиями, семантикой мотивирующей основы (Е.И. Коряковцева, Л.В. Рацибурская). Описано синтагматическое расширение лексических интенсификаторов, образование интенсификационно-оценочного оксюморона и словосочетаний с интенсификационно-оценочной амбивалентностью (М.В. Сандакова). Определены функции интенсификатора в оценочно диссонирующем окружении (прагматические и стилистические). Установлено, что повторяемость моделей смещения сочетаемости свидетельствует об актуализации класса интенсификаторов и их оценочной динамике. Показано развитие семантической категории интенсивности в русском языке XXI в., находящее выражение в динамике таких ее составляющих, как способы словообразования, словообразовательные и лексические единицы.","Вестник Волгоградского государственного университета. Серия 2, Языкознание.",2021,"morphology, semantics"
"Николай Леонидович Шамне, Екатерина Викторовна Шишкина",Репрезентация доверия в медицинском рекламном дискурсе,"Проблема создания институционального доверия в современном российском социуме рассмотрена на примере рекламной деятельности компаний, производящих и продвигающих на потребительском рынке лекарственные препараты. С целью выявить приемы, способствующие эффективному воздействию на получателя – формированию доверительного отношения к рекламируемому продукту, проанализированы рекламные ролики, демонстрировавшиеся по российскому телевидению с 2010 по 2020 год. С применением методов контент-анализа, дискурсивного анализа, а также элементов компонентного, дистрибутивного и стилистического анализа определено, что профессиональными участниками медицинского рекламного дискурса для установления доверия со стороны клиентов дискурса используются такие приемы, как употребление топонимов, лексических единиц, заимствованных из военного дискурса, терминов, слов с положительной или отрицательной коннотацией, приведение статистических данных, построение высказывания от первого лица, риторические вопросы. Выявлено, что упоминание страны-производителя препарата, авторитетной для российского потребителя, положительно влияет на доверие пациентов к лекарственному средству; военная лексика вызывает ассоциации со скоростью, точностью, направленностью, силой и свидетельствует о действенности медпрепарата; медицинские, химические, биологические термины, статистические данные объективируют транслируемую информацию; риторические вопросы, я-нарратив и другие способствуют возникновению близкого контакта с потребителем.","Вестник Волгоградского государственного университета. Серия 2, Языкознание.",2021,discourse
"Оксана Анатольевна Горбань, Марина Владимировна Косова, Елена Михайловна Шептухина",Структурная разметка деловых документов в диахроническом лингвистическом корпусе: проблемы и решения,"Актуальность исследования определяется необходимостью проведения структурной разметки документов Войска Донского середины XVIII в., отложившихся в фонде Михайловского станичного атамана Государственного архива Волгоградской области (ГАВО, ф. 332, оп. 1), с целью создания лингвистического корпуса. Авторами охарактеризованы проблемы осуществления структурного деления текста документов фонда, обусловленные спецификой формуляра, динамикой жанров и особенностями синтаксиса деловой речи середины XVIII столетия, выявлено, что сложность членения документного текста зависит от степени его нарративности. Мотивирован выбор в качестве единицы разметки структурно-смыслового сегмента, объединенного микротемой, совпадающего с предложением или представляющего собой цепь тесно связанных предложений. Обоснована комплексная методика членения документов для их структурной разметки, базирующаяся на жанровой параметризации документов и их синтаксической сегментации. Установлено, что показателями границ сегментов могут выступать в совокупности графические символы, речевые формулы, выполняющие функции реквизитов, лексико-грамматические средства. В результате исследования показано, что совокупность ряда процедур по сегментации текста, ориентированных на жанровую и речевую организацию документа, позволяет представить в диахроническом корпусе необходимую и достаточную для пользователя информацию о свойствах текста документа и его единиц.","Вестник Волгоградского государственного университета. Серия 2, Языкознание.",2021,"discourse, corpus"
"Дмитрий Владимирович Руднев, Наталия Викторовна Пушкарева",Регламенты петровского времени в аспекте императивности,"В период правления Петра I в русском деловом языке возникает жанр регламента, при помощи которого в России внедрялись новые, европейские принципы управления страной. Это обусловило поиск адекватных новому жанру речевых средств, соответствовавших его коммуникативным задачам и ориентированных на определенного адресата документа. Материалом для анализа послужили Артикул воинский, Генеральный регламент и Регламент о управлении Адмиралтейства и верфи. Результаты проведенного исследования демонстрируют существенное обновление средств делового языка, использованных в петров-ских регламентах. Показано, что значительной трансформации подверглись способы выражения императивности. Установлено, что наряду с независимым инфинитивом, унаследованным из допетровской деловой речи, императивность начинает выражаться разнообразными конструкциями, содержащими русские и заимствованные лексические единицы (полонизмы, германизмы, латинизмы): модальными модификаторами должен, иметь, надлежит, принужден и др. в сочетании с инфинитивом, частицей да в сочетании с глаголом в настоящем или будущем времени и проч. Выявлены сочетаемостные различия средств выражения императивности в регламентах. Аргументировано, что изменения в системе императивных средств были обусловлены различными причинами: семантическими (необходимость точнее выразить императивное значение), стилистическими (стремление «окнижить» деловой текст), социокультурными (ориентация на европейские текстовые образцы и социокультурные модели).","Вестник Волгоградского государственного университета. Серия 2, Языкознание.",2021,"discourse, semantics, linguoculture"
Людмила Викторовна Попова,Этнолингвокультурная специфика русского официального концепта «суд» эпохи европеизации,"В статье рассмотрено номинативное поле концепта «суд» в истории русского официального языка на материале законодательных документов XVIII века. Описано соотношение официального сегмента концепта «суд» с обыденным сегментом в контексте этнической ментальности. Проверена гипотеза об этнокультурной нейтральности официального сегмента. Обнаружена синкретсемия и активность нетерминологических нравственно и религиозно маркированных номинаций концепта в отношениях с терминами. Показана функционально-семантическая недостаточность юридических категорий, их устойчивая связь с морально-этическими категориями в юридическом языковом сознании. Установлено доминирование семантических и концептуальных признаков 'правдивый', 'праведный / порядочный', 'справедливый' над признаком 'законный (правомерный)'. Охарактеризована функциональная ослабленность концептосферы «закон – право». Зафиксирована традиционная этноспецифичная установка юридического языкового сознания: приоритет морально-этических концептов «правда», «праведность», «справедливость», «добро», «совесть», «душа» над юридической концептосферой «закон – право». Констатирована высокая степень этнокультурной маркированности официального сегмента концепта «суд» с доминированием мелиоративной оценки. При анализе обыденного сегмента концепта «суд» в русской паремиологии выявлены те же морально-этические этноконцепты с доминированием пейоративной оценки. Отмечено совпадение эталона правосудия в официальном и обыденном правосознании.","Вестник Волгоградского государственного университета. Серия 2, Языкознание.",2021,linguoculture
"Елена Михайловна Шевченко, Ольга Николаевна Прохорова, Игорь Владимирович Чекулай",Когнитивные механизмы номинации растений в английском языке,"В статье рассматриваются когнитивные модели, лежащие в основе категоризации растительного мира человеком. Материалом для анализа послужили 200 названий трав и цветов в английском языке. Авторами выделены три когнитивные модели, лежащие в основе категоризации знаний о растительном мире: метафорическая, метонимическая и пропозициональная. Показано, что в качестве источников для номинации, на базе которых формируются типичные когнитивные модели, выступают хорошо известные типичные реалии – «коды культуры». Поскольку названия цветов и трав в английском языке являются преимущественно сложными словами, то установленные когнитивные модели описаны с учетом действия когнитивно-словообразовательных механизмов проверсии и реверсии. Проверсия обусловливает прямой порядок компонентов составного слова как результата прямой интеграции первоначального словосочетания. Такой механизм структурирования характерен для фитонимов типа «adjective / verb + noun». Реверсивный механизм представляет внутреннюю структуру сложного слова как результат обратной трансформации исходных компонентов словосочетания. Такой механизм структурирования характерен для фитонимов типа «noun + noun», «noun + ' + noun». Перспективу исследования составляет изучение когнитивных моделей и механизмов, формирующих основу номинаций растений в сравнительном аспекте – на материале нескольких языков.","Вестник Волгоградского государственного университета. Серия 2, Языкознание.",2021,cognitive
"Светлана Азадовна Королькова, Анна Алексеевна Новожилова",Эффективность систем машинного перевода в урбанистическом дискурсе,"Настоящая статья посвящена анализу системы машинного перевода «Яндекс. Переводчик» и ее использованию в сети Интернет для перевода текстов урбанистического дискурса. Для оценки качества работы системы в условиях гиперглобализации цифрового пространства используется интегративный лингвопрагматический подход. Цель работы – показать уровень развития современных систем машинного перевода и выявить целесообразность их использования для потребительских целей. Представлены результаты анализа перевода контента официального городского интернет-портала г. Парижа, выполненного программой «Яндекс.Переводчик» с французского языка на русский. Выбор материала исследования обус-ловлен отсутствием переводных версий данного портала на других языках, что подтверждает факт востребованности встроенных в браузер систем машинного перевода. Выявлено, что менее 20 % текста, переведенного машинным переводчиком, показывают высокое качество продукта, около 60 % материала переведено на уровне «приемлемого качества», при котором допускаются ошибки и неточности, не искажающие смысла исходного текста, такой речевой продукт не представляет собой полностью корректного текста на языке перевода; около 20 % переведенного контента содержат семантические ошибки и грубые нарушения языковой нормы русского языка, которые приводят к искажению содержания исходного текста и сбою в коммуникации. Представлена классификация ошибок, допускаемых системой, и сделаны прогностические выводы о том, что использование систем машинного перевода способствует стандартизации и упрощению языка и вытеснению с рынка переводчиков среднего уровня квалификации.","Вестник Волгоградского государственного университета. Серия 2, Языкознание.",2021,nlp
"Наталья Анатольевна Прокофьева, Ирина Анатольевна Акулович",Языковые средства комического в кликбейте [На англ. яз.],"Анализ современного речевого материала, представленного в медиапространстве, демонстрирует значительные изменения интенциональности журналистского текста. На первый план выходит интенция контактоустановления – захвата внимания читателя и стремление его не упустить. Эта особенность современного медиатекста реализуется в изменении жанровых предпочтений, особенностей речевых тактик и стратегий, а следовательно, отбора и сочетания языковых средств. Одним из проявлений указанной тенденции становится распространение кликбейта – коммуникативного акта обещания продолжить коммуникацию. Статья посвящена кликбейтам с семантикой комического. Материалом исследования послужили кликбейты в русскоязычной сети, содержащие обещание смешного. Выявлено, что модель кликбейта включает следующие смысловые компоненты: стимулирующая реплика субъекта речи, стремящегося вовлечь в смеховую стихию гипертекста; речевые и невербальные маркеры объекта смеха; маркеры, отражающие учет присутствия пользователя в коммуникации. В ходе анализа отношений между компонентами модели кликбейта выделены четыре типа: 1) заголовки-нарративы, включающие приглашение читателю посмеяться над тем, над чем уже посмеялись ранее; 2) заголовки-оферты, содержащие предложение смешного; 3) кликбейты-аллюзии, выражающие намек на возможность продолжения забавного чтения; 4) кликбейты-номинативы, называющие ожидаемую смеховую реакцию на представление каких-то объектов.","Вестник Волгоградского государственного университета. Серия 2, Языкознание.",2021,"discourse, semantics"
"Эльвира Николаевна Акимова, Татьяна Ивановна Мочалова",Диалектные наименования праздников и обрядов как отражение культурно-исторических традиций русского народа,"В работе охарактеризованы языковые единицы, номинирующие праздники и обряды в русских народных говорах, бытующих на территории Мордовии. Определена специфика номинативных процессов, связанных с фиксацией в языке значимого в лингвокультурном плане факта. Исследование проводится на материале «Словаря русских говоров на территории Республики Мордовия». Установлено, что в русских говорах активно употребляются наименования религиозных праздников, посвященных наиболее почитаемым святым, и праздников, относящихся к тому или иному времени года. Выявлено, что сохранившиеся праздники воспроизводят элементы древнейших обычаев, связанных с поклонением божествам, культом растительности, воды и огня, которым приписывали магическую силу. Определено, что особый пласт в составе диалектного корпуса представляют наименования обрядов, поскольку они имеют важнейшее значение в жизни народа, символизируя изменение статуса человека, переход его из одного состояния в другое. Разнообразны номинации этапов свадебного обряда, менее репрезентативны похоронно-поминальный обряд и обряд крещения. Исследование показало, что названия праздников и обрядов отражают культурно-исторические традиции, верования, обычаи представителей территориально замкнутого социума, являются своеобразными способами репрезентации этнокультурного сознания народа.","Вестник Волгоградского государственного университета. Серия 2, Языкознание.",2021,dialectology
Ирина Анатольевна Мартыненко,Испаноязычная топонимия Ямайки: диахронический аспект,"Испаноязычные компоненты в топонимии государства Ямайка являются своеобразной картографической формой существования испанского языка, семиотическим маркером присутствия испанской культуры в данном регионе. Обнаруженная гетерогенность форм географических названий указывает на столкновение цивилизаций, неоднородность языковых контактов и богатство лексических ресурсов локальной топонимической системы. В статье представлены результаты комплексного лингвистического изучения испаноязычных топонимических единиц Ямайки и их современного функционирования с учетом языковых контактов с английским и другими языками. Работа построена на материале картографического анализа: выявлено и охарактеризовано более 300 топонимов региона на микро- и макротопонимическом уровнях, из них методом сплошной выборки выделены единицы с испанским компонентом (четвертая часть от всех исследуемых топонимов). Описана структура и этимология испаноязычных топонимических наименований. Автором выдвинуты и верифицированы гипотезы о происхождении некоторых испаноязычных географических имен, существующих на острове, которое отражает исторические процессы, повлиявшие на присвоение топонимических номинаций в данном полинациональном регионе со времен Колумба до наших дней. Предложена классификация испаноязычных топонимов Ямайки с учетом структурного и хронологического критериев.","Вестник Волгоградского государственного университета. Серия 2, Языкознание.",2020,onomastics
Эржен Владимировна Хилханова,Новые тенденции по отношению к многоязычию и миноритарным языкам в глобальном масштабе,"Статья посвящена анализу современных тенденций в языковой политике и отношении к многоязычию и миноритарным языкам в странах Евросоюза, США и Австралии. На примере отдельных языков (баскского, бретонского, корсиканского, саамского и др.) исследуются факторы, влияющие на современное положение миноритарных языков. Особое внимание уделяется новому феномену в европейской социолингвистике – появлению «новых говорящих» на миноритарных языках. При описании языковой политики США акцент делается на языках североамериканских индейцев и тех позитивных изменениях, которые произошли в экономической, юридической и культурно-языковой ситуации индейских племен. Ситуация в Австралии показана как пример прогрессивного изменения государственной языковой политики – от запрета на использование аборигенных языков до современных программ их ревитализации. На основе рассмотренных кейсов в аспекте изменения отношения к миноритарным языкам показана значимость таких факторов, как языковой активизм и экономическое положение этнических меньшинств. В заключении делается вывод о том, что изменение ценностной парадигмы лишь задает рамочные условия для реализации языковых прав, но не гарантирует их успешности.","Вестник Волгоградского государственного университета. Серия 2, Языкознание.",2020,sociolinguistics
"Анастасия Владимировна Колмогорова, Елена Викторовна Чистова",Когнитивный механизм порождения креативных решений в переводческой деятельности,"Статья посвящена моделированию когнитивного механизма создания креативных элементов в переводческой деятельности, все более актуальных в контексте современных требований к работе переводчика. Проводится систематизация, уточнение и дополнение имеющихся теоретических знаний о креативности в переводе. Посредством метода когнитивного моделирования реконструируется когнитивный механизм, актуализирующий порождение креативных идей в переводческой деятельности. Он моделируется в результате построения когнитивной проекции – осознанной интеграции когнитивных установок, стратегий перевода и ментальных операций, которая в большинстве случаев приводит к выработке креативных переводческих решений, требующих больших трудозатрат. Показано, что переводческая креативность выходит за пределы лингвокреативности, реализуясь разными средствами: лингвистическими (готовые речевые словоформы или новые образования) и паралингвистическими (цветовая гамма и др.). Приведенные в статье примеры убеждают, что модуляция и «думающие транскрипции» представляют собой продуктивные ментальные операции порождения креативных решений в переводе. Стратегии доместикации, «золотой середины» и транскреации создают условия для актуализации и переводческой креативности.","Вестник Волгоградского государственного университета. Серия 2, Языкознание.",2020,cognitive
Наталья Анатольевна Сребрянская,Англоязычный дискурс войны в диахроническом аспекте,"В статье на материале письменных источников (эпоса, художественных произведений и текстов СМИ) охарактеризована динамика англоязычного военного дискурса с XI по XXI век. В результате анализа семантики слов синонимических рядов с доминантой war, их сочетаемости и словообразовательного потенциала показано, что в древне- и среднеанглийских источниках война представлена как столкновение вооруженных людей, обозначены способы ведения войны с помощью холодного и огнестрельного оружия, ее масштабы, героизм воинов. Установлено, что современный военный дискурс отличается эвфемизацией, неологизацией и использованием приемов речевого манипулирования. Определено, что в качестве эвфемизмов используются лексемы из словарных дефиниций слова war или лексические субституты с максимально обобщенной семантикой. Неологизмы военного дискурса появляются в результате действия лингвистических и экстралингвистических факторов. К лингвистическим факторам относится эвфемизация, позволяющая скрыть неприглядные стороны войны, к экстралингвистическим – возникновение новых видов войны и развитие военных технологий. Описываются лексические единицы, номинирующие новые виды войны с примением информационных технологий. Делается вывод о быстром развитии дискурса войны в настоящее время.","Вестник Волгоградского государственного университета. Серия 2, Языкознание.",2020,discourse
"Марина Владимировна Пименова, Сауле Сергоевна Дутбаева, Елена Анатольевна Мошина",Символика земли в поэмах М.И. Цветаевой,"В статье рассматриваются поэмы Марины Ивановны Цветаевой в аспекте стихийной символики и ее речевого воплощения. Цель работы – с опорой на концептуальный анализ охарактеризовать традиционную для русской лингвокультуры и индивидуально-авторскую символику земли в поэмах М. Цветаевой. Выбор такого объекта определяет новизну исследования. Установлено, что в поэмах М. Цветаевой традиционные для русской лингвокультуры символы представлены дохристианскими (включая древнерусские и скандинавские) и христианскими символами: Земля – место обитания, проживания (голубая Отчизна, дом, семья); Земля – опора, символ незыблемости и нерушимости мира (твердыня); Земля – нижняя точка пространственной вертикали (соотносимая с первой частью оппозиций: земля – небо, земля / человек – Бог); Земля – христианский символ скромности; Земля – символ смерти / праха / тлена; Соль земли – символ талантливых, одаренных людей. Выявлены индивидуально-авторские поэтические символы земли: земля – скала / камень; земля – гора; (неведомая) земля – море; (новая) земля – воздух; кровь земли – талантливые, одаренные люди / жертва. Показано, как авторское осмысление фрагмента действительности дополняет концептуальную структуру макроконцепта «земля» признаками, не входящими в структуру национального концепта. Вклад авторов: М.В. Пименовой разработаны теоретические основы и методика исследования, обобщены результаты; С.С. Дутбаевой и Е.А. Мошиной осуществлен сбор языкового материала и его описание в соответствии с концепцией работы.","Вестник Волгоградского государственного университета. Серия 2, Языкознание.",2020,linguoculture
"Наталия Анатольевна Николина, Лариса Викторовна Рацибурская, Венера Габдулхаковна Фатхутдинова",Новые явления в сфере деривационных формантов как отражение динамики словообразовательной системы русского языка,"В статье рассматриваются новые функциональные характеристики известных словообразовательных формантов и новые деривационные форманты. Н.А. Николиной в современной русской речи обнаружено новое для русского словообразования явление – подвижность заимствованных элементов (ап, аут, ин, овер), которые могут квалифицироваться как аффиксы. Л.В. Рацибурской установлено, что известные форманты греко-латинского происхождения (префиксоиды нано-, кибер-, крипто-; суффикс -оид) реализуют новые прагматико-стилистические функции. Показано, что эти форманты, характерные для терминов, могут участвовать в создании экспрессивных дериватов. На материале новообразований, использованных в медийных и художественных текстах, выявлены новые форманты: префиксы мега-, нон-, он-, оф-; суффиксы -инг, -раст; суффиксоиды -гейт, -оголик; подвижные форманты ап, аут, ин, овер. В.Г. Фатхутдиновой показано, что появление новых формантов и новых семантико-прагматических характеристик известных формантов отражает динамику словообразовательной системы русского языка, обусловленную процессами интернационализации, «амероглобализации» в разных языках на рубеже XX–XXI веков. Неодериваты свидетельствуют о специфике усвоения знаний и опыта с помощью актуальных для определенного периода времени словообразовательных способов и средств. Результаты проведенного исследования вносят вклад в дериватологию, неологию, прагмалингвистику, а также могут быть полезны преподавателям и студентам высших учебных заведений, обучающихся по направлениям «Филология», «Журналистика».","Вестник Волгоградского государственного университета. Серия 2, Языкознание.",2020,morphology
"Дария Геннадиевна Куренова, Андрей Владимирович Олянич",Лингвосемиотическая актуализация концептосферы «Милитарность» в рекламном дискурсе [На англ. яз.],"В статье рассмотрены кластеры знаков, поддерживающих семиозис воинственности и способствующих актуализации концептосферы «Милитарность» в креолизованных рекламных текстах. Обобщен мировой опыт изучения лингвосемиотического и лингвокультурного феномена рекламы в совокупности с соответствующими дискурсивными практиками, актуализируемыми в виде креолизованного полико-дового текста. Охарактеризованы возможности использования психологического феномена воинственности в семиозисе рекламы посредством когнитивного конгломерата «Милитарность», репрезентированного как концептосфера в совокупности концептов «Война», «Оружие», «Аммуниция», «Военные действия», «Агрессия», «Уничтожение», «Прекращение жизни». Рассмотрены предметные, образные и ценностные характеристики концептосферы «Милитарность» и составляющих ее концептов. Установлено, что идея милитарности активно эксплуатируется создателями рекламы при формировании семиотически насыщенного поликодового рекламного текста, в котором используется обширный кластер знаков-милитаронимов, денотирующих воинственные действия и внедряющих в дискурс рекламы агрессивные образы, тем самым подкрепляя и транслируя идеи достижения победы «на фронтах» рекламной войны, в «битвах» брендов компаний-производителей. Предложена авторская типология знаков-милитаронимов, базирующаяся на их функциях в рекламном тексте (дискурсе). Показано, что милитарность является типичной характеристикой современной людической культуры, что рефлектируется в названиях игр и поддерживается в семиозисе киберпространства знаками-милитаронимами: демолитонимами, инструментативами, импетокаптивами, локативами, а в семиозисе рекламы кино – знаками-армабеллитонимами и знаками-демолитонимами.","Вестник Волгоградского государственного университета. Серия 2, Языкознание.",2020,"semiotics, discourse"
"Ольга Вениаминовна Балясникова, Наталья Владимировна Уфимцева",«Конфликтогенные зоны» языкового сознания в межкультурном взаимодействии,"Исследование языкового сознания проведено с применением термина «конфликтогенная зона», который связан с комплексом представлений о ценностях определенной культуры, выражаемых средтвами национального языка. В статье описаны результаты ассоциативного эксперимента с носителями русского и национальных языков, осуществленного в регионах Российской Федерации – Республиках Татарстан и Саха (Якутия). Эксперимент проведен на родном языке информантов, которым было предложено записать спонтанное слово-реакцию на стимулы-этнонимы. Авторами смоделирован семантический гештальт каждого стимула для каждой группы испытуемых и выделены ассоциаты, составляющие семантические зоны «субъект», «эго», «объект», «характеристика», «действия», «локус», «прочие». По результатам анализа полученных данных определены имеющиеся различия представлений о национальных традициях, семейно-родственных и конфессиональных отношениях, себе и этнических соседях. Установлена зависимость этих представлений от региона проживания и национальной самоидентификации информантов. Показано, что в процессе анализа ассоциативных значений квазиэквивалентных лексем сопоставляемых языков / культур может быть выявлено несовпадение стоящих за ними знаний, которое при межкультурном взаимодействии приводит к конфликтам непонимания (неполного понимания). Результаты исследования могут быть использованы для оптимизации межкультурного общения и предотвращения коммуникативных и иных конфликтов.","Вестник Волгоградского государственного университета. Серия 2, Языкознание.",2020,sociolinguistics
Мария Олеговна Новак,Слово на Рождество Христово в Толстовском Сборнике XIII в.: лингвотекстологическая характеристика,"Статья посвящена составу, лексическим и грамматическим особенностям Слова на Рождество в древнерусском Толстовском Сборнике XIII века (РНБ, F.п.I.39). Автор рассматривает ее византийские источники и принципы формирования, а также лексические и грамматические особенности славянского текста в сопоставлении с греческим. Приписываемая Иоанну Златоусту проповедь оказывается сложной компиляцией, основанной как на перегруппировке фрагментов одного и того же источника, так и на объединении выдержек из разных источников в небольшом контексте. Возможность таких трансформаций указывает на нежесткость структурных связей в текстах проповедей в силу их независимости от причинно-следственных связей и фактора времени. Не атрибутированные части древнерусского текста могут иметь оригинальный характер, поскольку они демонстрируют определенное сходство с проповедями Кирилла Туровского в составе той же антологии. На лексическом уровне проповеди отмечаются нестандартные решения, которые отражают переосмысление греческого исходного текста и могут указывать либо на миссионерский характер перевода, либо на поэтическое орнаментирование. В некоторых случаях семантические несоответствия лексических единиц в греко-славянских корреляциях связаны с ошибками. На грамматическом уровне также наблюдаются несоответствия славянских и греческих единиц, касающиеся категорий времени, числа, рода, а также частеречного статуса коррелятов.","Вестник Волгоградского государственного университета. Серия 2, Языкознание.",2019,philology
Лариса Юрьевна Стрельникова,Стилистическое структурирование метапрозы В.В. Набокова в контексте поэтики модернизма и постмодернизма,"В статье рассматривается актуальная проблема определения творческого метода В.В. Набокова в аспекте художественных принципов модернизма и постмодернизма. С использованием историко-дискурсивного анализа охарактеризованы черты метаромана как основного жанра прозы писателя. Показано, что нарциссизм набоковских текстов проявляется в индивидуальной риторике писателя, опровергая сложившиеся в классической традиции стереотипы художественного восприятия, сигнализируя об эстетическом превосходстве писателя. Выявлены стилистические коды, формирующие нарциссический роман: мифологизм, деконструкция, двойное кодирование, интертекстуальность, и описаны способы их реализации в произведениях В.В. Набокова: индивидуализация приемов языка, метафоризация, аллегоризм, ризомность структуры текста, игра культурными кодами. Установлено, что, будучи средством самовыражения автора, язык набоковского творчества обладает самоценностью, писатель вырабатывает свой способ эстетического отношения к слову. Сделан вывод о том, что выявленные стилистические коды определяют принадлежность творчества Набокова как к модернизму, так и к постмодернизму, формируют особый тип неклассической прозы писателя – метатекст, или сверхтекст, в котором язык становится специфическим кодовым образованием, позволяя автору представлять эстетическую и интеллектуальную информацию, вступать в творческие отношения с читателем.","Вестник Волгоградского государственного университета. Серия 2, Языкознание.",2019,philology
"Кэтрин Су МакКарти, Даниэль Шиврон МакНамара, Марина Ивановна Солнышкина, Фануза Харисовна Тарасова, Роман Владимирович Куприянов",Тестирование по русскому языку: оценка понимания текста [На англ. яз.],"Понимание прочитанного зависит от множества умений и навыков, которые не всегда эффективно оцениваются существующими тестами по русскому языку. Современные российские учебники подвергаются критике как за низкое качество текста, так и за высокую сложность текста. В представленном исследовании рассматриваются вопросы разработки теста по русскому языку (RLT), который выполнял бы функции входного теста для оценки уровня владения языком, а именно базовых грамматических знаний, объема словарного запаса, определения прямого и переносного смысла высказывания. Результаты данного пилотного исследования, в котором приняли участие 81 ученик пятого класса и 94 ученика девятого класса, подтверждают, что основные трудности вызывают задания, оценивающие умение делать умозаключения и определять основную идею текста. В статье также предлагается краткий обзор существующей системы тестирования по русскому языку и анализ заданий трех стандартизированных экзаменов по русскому языку: ВПР, ОГЭ, ЕГЭ. Исследование показало перспективность использования RLT в качестве теста для оценки уровня владения языком и предоставляет широкий контекст для понимания текущего состояния системы тестирования по русскому языку для его носителей.","Вестник Волгоградского государственного университета. Серия 2, Языкознание.",2019,language acquisition
Ирина Владимировна Шапошникова,Динамические модели в социолингвистике и социокоммуникативные установки русской языковой личности в постсоветский период,"В статье представлен обзор научных проблем, для решения которых в социолингвистике используются динамические модели, созданные преимущественно на материале английского языка. Особое внимание уделено сетевым моделям и их становлению в процессе изучения смысловых связей языковых единиц в рамках семантических полей. Проведенные наблюдения за движением значений единиц ассоциативно-вербальной сети носителей русского языка подтвердили выводы о наличии зависимости между параметрами социокоммуникативных сетей (силы, плотности, направленности контактов) и возникновением условий для социально обусловленных языковых изменений, полученные ранее на английском материале с применением других методов. Неустойчивость социальной среды постсоветского пространства проявляет себя (в пределах трех поколений) в динамике социокоммуникативных установок применительно к оперированию телами языковых знаков. Смена мотивационно-установочных ориентиров русской языковой личности способствует активации социально обусловленных языковых изменений. Принципы построения ассоциативно-вербальной сети позволяют учесть психологический фактор в интерпретации социолингвистически значимой динамики. Использование ассоциативно-вербальных моделей в аспекте актуальной диахронии открывает перспективу развития ассоциативной вариантологии как раздела экспериментальной психосоциолингвистики, а изучение движения значений в смысловом поле культуры дает ценный эмпирический материал для этнополитической социолингвистики.","Вестник Волгоградского государственного университета. Серия 2, Языкознание.",2019,sociolinguistics
"Николай Леонидович Шамне, Елена Борисовна Павлова",Лингвопрагматика англоязычного ресторанного интернет-дискурса [На англ.],"В статье на основе изучения контента англоязычных сайтов британских ресторанов дана характеристика ресторанного интернет-дискурса в лингвопрагматическом аспекте. Установлено, что исследуемый сегмент виртуальной ресторанной коммуникации организуется на базе универсальной лингвопрагматической модели, включающей следующие компоненты: цель дискурса, интенции адресанта / коммуникативно-прагматические целеустановки и соответствующие им стратегии и тактики. Среди коммуникативных стратегий в качестве основных выделены создание положительного эмоционального настроя, формирование привлекательного имиджа заведения, повышение активности клиента. Определены реализующие их тактики; описаны вербальные (лексические, лексико-грамматические и стилистические) и невербальные средства их актуализации. Выявлено, что в качестве основных языковых средств используются: лексические единицы с эмоционально-экспрессивными и оценочными значениями, метафоры, плеоназмы; модальные глаголы, суперлативы; вопросно-ответные и побудительные конструкции; среди невербальных средств реализации установленных тактик частотны графика, шрифтовое, цветовое выделение, различные иллюстрации и фотографии. Расположение зон с доминирующими вербальными или невербальными средствами обусловлено законами визуального восприятия адресатом информации на сайте ресторана, что согласуется с предложенной авторами лингвопрагматической моделью.","Вестник Волгоградского государственного университета. Серия 2, Языкознание.",2019,"pragmatics, discourse"
"Владимир Валентинович Попов, Татьяна Владимировна Штельмах",Естественный текст: математические методы атрибуции,"В статье предложено два алгоритма фильтрации некачественных текстов. Первый алгоритм основан на том, что частота появления n-грамм в качественном тексте подчиняется закону Зипфа, а в случай но генерированных текстах данный закон перестает действовать. Сравнение частотных характеристик двух типов текстов позволяет делать выводы относительно качества исходного текста. Второй алгоритм основан на сравнении скорости появления новых слов в текстах. В качественном тексте эта скорость, как правило, неравномерна, а в случайных текстах неравномерности нивелируются, что дает возможность обнаруживать некачественные тексты. Основные методы решения задачи фильтрации некачественных текстов – статистические. Они базируются на вычислении различных частотных характеристик текста. В отличие от модели «мешка слов», не учитывающей порядок следования слов в тексте, графовая модель текста (в ней вершинами являются слова или словоформы, а ребрами – пары слов), а также модели со структурами более высокого порядка, в которых используются частотные характеристики n-грамм при n &gt; 2, позволяют учитывать взаимное расположение пар и троек слов в какой-либо общей части текста: в одном предложении или одной n-грамме.","Вестник Волгоградского государственного университета. Серия 2, Языкознание.",2019,linguostatistics
Инна Александровна Королёва,Эпистолярный стиль как объект лингвокультурологического исследования,"В статье рассматриваются особенности эпистолярной разговорной речи творческой российской интеллигенции второй половины ХХ в., проявляющиеся в деловом и дружеском письменном диалоге. Материалом для исследования послужили письма известного советского историка литературы, критика и публициста А.В. Македонова, смолянина по рождению, к смоленскому поэту Ю.В. Пашкову, которому он оказывал постоянную поддержку на литературном поприще. Письма хранятся в архиве Литературного музея Смоленского государственного университета и впервые вводятся в научный оборот. Проведено комплексное изучение речевого материала в русле коммуникативно-прагматического и лингвокультурологического подходов и в соответствии с уровнями исследования речевой личности и реконструкции речевого портрета говорящего: на семантическом уровне охарактеризован эпистолярный стиль как письменная форма разговорной речи; на лингвокогнитивном уровне выделены эпистолярные концепты, позволяющие анализировать информативную и оценочную стороны эпистолярия; на мотивационном уровне посредством анализа содержащихся в письмах речевых актов и стандартов речевого этикета показаны особенности взаимоотношений коммуникантов, выявлены некоторые черты их личности. Делается вывод об особенностях эпистолярного стиля творческой языковой личности А.В. Македонова, о его речевой культуре.","Вестник Волгоградского государственного университета. Серия 2, Языкознание.",2019,linguoculture
Анастасия Викторовна Уржа,"Стратегии интерпретации глаголов, вводящих речь, в современных русских переводах художественной прозы","В фокусе исследования – изменение семантики английских глаголов, вводящих прямую речь,при переводе художественных нарративов на русский язык. В статье аккумулированы, систематизированы (в грамматическом, семантическом и стилистическом ракурсах) представления ученых (русистов, типологов, переводоведов) о проблемах перевода глаголов, вводящих речь, с европейских языков на русский. В центре этого комплекса проблем – введение замен глаголов типа say в русских переводах, сопровождаемое эмоциональной и аксиологической конкретизацией и вызывающее прямо противоположные оценки отечественных и зарубежных критиков перевода. От наиболее распространенного сегодня лингвокультурологического аспекта исследования таких проблем предложено перейти к функционально-прагматическому аспекту. В качестве иллюстративного материала выбраны современные переводы на русский язык прозаических художественных произведений для детей. Сопоставительный анализ этих текстов, а также количественные данные позволили установить, что конкретизирующие замены глаголов, вводящих прямую речь, использованы как в доместицирующих, так и в форенизирующих переводах, и обусловлены фактором адресата и эмотивной плотностью фрагментов произведения. Результаты исследования позволяют скорректировать характеристику конкретизирующих замен в переводоведении, актуализируя функциональный подход к изучению их контекста и прагматического эффекта.","Вестник Волгоградского государственного университета. Серия 2, Языкознание.",2018,"semantics, pragmatics"
Юлия Алексеевна Трегубова,Разговорные сокращения в современной американской художественной литературе: проблема перевода,"Статья посвящена изучению речевых единиц, которые отражают изменения, происходящие в американском варианте английского языка, связанные с тенденцией к его упрощению. В художественных произведениях такие слова и конструкции маркируют ситуации устного неформального общения, придавая ему эмоциональность и экспрессивность, характеризуют речь определенных социальных групп современного социума и создают сложности при переводе произведений на другие языки. В результате сравнительного анализа текстов оригинала романа Д. Гришема «Клиент» и его перевода на русский язык демонстрируются переводческие возможности передачи английских выражений, содержащих современные американские разговорные сокращения wanna, gonna, gotta, outta, buncha, coupla, kinda, lemme и др., средствами другого языка. Выявлено, что при переводе американских разговорных сокращений на русский язык осуществлены лексико-сематические (замена, генерализация, целостное преобразование) и лексико-грамматические (антонимический перевод, опущение) трансформации. Определено, что частотны лексические замены с использованием стилистически нейтральных и сниженных лексем. Установлено, что лексическая замена английских разговорных сокращений стилистически сниженными русскими словами наиболее эффективна, поскольку способствует достижению адекватности при переводе и сохранению экспрессивности оригинального художественного текста.","Вестник Волгоградского государственного университета. Серия 2, Языкознание.",2018,translation studies
Светлана Николаевна Зарезина,Выражения личностного смысла в современном политическом дискурсе: лексический аспект,"Статья посвящена проблеме выявления личностного смысла, который рассматривается как особенность политического дискурса. Раскрывается содержание понятия «личностный смысл» в разных аспектах, дается его авторское определение и характеризуются его источники: неоднозначность реальности, тенденциозность представления человеком объективной картины мира, создание личностных миров в процессе творчества, постоянное расширение знаний. На основе анализа опубликованных в российских СМИ журналистских текстов, содержащих прямые цитаты из речей современных политических деятелей, и текстов, созданных политиками, показано, что личностный смысл отражает целевую установку политика (автора высказывания) и реализуется при помощи определенных языковых сигналов, описанных в статье. Выявлены такие лексические средства выражения личностного смысла, как слова, относящиеся к политической лексике и имеющие позитивную или негативную коннотации, неологизмы, заимствования, обобщенные номинации, обладающие яркой дерогативной окраской, слова с аксиологическим значением, стилистически маркированные лексемы (книжные и разговорные) и некодифицированные лексические единицы. Установлено, что в российском политическом дискурсе сохраняется тенденция к снижению порога приемлемости в использовании нелитературной лексики в речи политических деятелей.","Вестник Волгоградского государственного университета. Серия 2, Языкознание.",2018,discourse
"Татьяна Николаевна Астафурова , Андрей Владимирович Олянич",Лингвосемиотика сакральной власти [На англ.],"В статье с точки зрения социальной семиотики рассматривается феномен сакральной власти как старейшего регулятора поведения этноса: дается определение этого типа власти, описываются основные сферы ее актуализации (религиозная и магическая), идентифицируются языковой, семиотический, этнокультурный и дискурсивный параметры, выделяются разные лингвосемиотические приемы трансляции сакрального в материальных знаках (сакральных объектах и зданиях, действиях и ритуалах, текстах, языковых формулах, демонстрирующих сакральную власть). Сакральность определяется как нечто, не имеющее выражения. Подчеркивается, что осознание сакрального проходит через личностное восприятие его символики. Сакральная власть порождает лингвосемиотическое пространство в виде вербальных и невербальных знаков различной формы и содержания, которые оказывают протективное воздействие на ее объекты. Особое внимание уделяется жанрам и ритуалам, посредством которых репрезентируется этот тип власти. Выделяется ритуальность сакральных церемоний как феномен, придающий сакральную значимость действиям человека, показывается, как специальные ритуалы связаны с передачей и утверждением сакральной власти. Семиотический аспект религиозной и магической протекции дифференцируется в зависимости от качества знака: религиозная лингвосемиотика включает священные мифы и символы, магическая лингвосемиотика основана на отгонной и очистительной магии с ее знаками и текстами.","Вестник Волгоградского государственного университета. Серия 2, Языкознание.",2018,semiotics
Майя Крстич,Значение и употребление глагола состоять и его эквиваленты в сербском языке,"Объектом исследования является русский глагол состоять, обладающий большим семантическим потенциалом и широким спектром возможностей употребления в языке. Этот глагол, используемый в русском языке достаточно часто, рассматривается в статье в различных аспектах: представлено обобщение лексикографических данных о его значениях с указанием специфики функционирования в каждом из них, приведены этимологические сведения, определены лексические эквиваленты в сербском языке. В результате формально-семантического анализа выявлены ограничения, связанные с видовыми характеристиками и использованием его личных форм. В статье рассматривается вопрос об употреблении глагола состоять в качестве связки (соотнесенность с глаголом быть и возможность использования в экзистенциальном значении). Охарактеризованы синонимы и устойчивые сочетания, в состав которых он входит, а также наиболее распространенные ассоциации. Выводы об особенностях лексической семантики анализируемой единицы подтверждены количественными данными. Полученные результаты могут найти применение в преподавании русского языка как иностранного (например, в сербской языковой среде) при освоении студентами глагольной лексической подсистемы.","Вестник Волгоградского государственного университета. Серия 2, Языкознание.",2018,"semantics, lexicogtaphy"
"Светлана Сергеевна Ваулина, Ирина Юрьевна Кукса",Лингвистические стратегии реализации побудительной модальности в политическом лозунге и рекламном слогане,"В статье рассматривается типология стратегий использования побудительной модальности в политических лозунгах и рекламных слоганах. Материалом для сопоставительного анализа послужили лозунги революционного периода и эпохи СССР в их соотнесении с рекламными слоганами, функционирующими в российских масс-медиа с начала 90-х гг. XX столетия. Анализ специфики языковых средств выражения побудительной модальности в данных субжанрах персуазивного дискурса базируется на результатах изучения их основных структурно-содержательных компонентов – цели, функций, предмета, адресанта и адресата (субъекта и объекта воздействия). Делается вывод об определяющем влиянии цели воздействия на содержание и взаимоотношения остальных компонентов. Существующие между ними различия обусловливают выбор специфических средств выражения побудительной модальности в исследуемых речевых субжанрах. Политическим лозунгам присущи инклюзивные формы призывов, совмещенные директивно-комиссивные речевые акты и безглагольные конструкции с высокой степенью модально-побудительной категоричности. Для рекламных слоганов наиболее характерны директивные речевые акты с глаголами повелительного наклонения в форме второго лица единственного числа, создающими эффект доверия между адресантом и адресатом. Общей чертой дискурсивных стратегий в рассматриваемых типах персуазивного дискурса является использование речевых актов-констативов, направленных на моделирование системы необходимых представлений и ценностей.","Вестник Волгоградского государственного университета. Серия 2, Языкознание.",2018,pragmatics
,Изменения в лексическом значении слова дело (по данным ассоциативного эксперимента),"Статья посвящена выявлению динамики значения лексемы дело за последние 30 лет. С этой целью осуществлен комплексный анализ лексемы на основе материала словарей русского языка: дефиниционный анализ, компонентный анализ, анализ данных «Русского ассоциативного словаря» и их сравнение с данными, полученными в ходе проведенного автором ассоциативного эксперимента. Установлено, что понятийное содержание лексемы дело устойчиво, поскольку реакции респондентов РАС и значения рассматриваемой лексической единицы в современных словарях в основном совпадают; семы, входящие в ядро семантической структуры слова дело, смоделированной на основе дефиниционного анализа, находят отражение в реакциях респондентов, полученных в ходе ассоциативного эксперимента. Подтверждена идея Ю.Н. Караулова о том, что значение лексем остается неизменным у респондентов в течение 2–3 поколений. Изменения лексического значения слова дело, выявленные при сопоставлении словарных данных и результатов проведенного эксперимента, выражаются в утрате актуальности периферийными семами и связанными с ними значениями исследуемой лексемы. Проведенное исследование подтвердило целесообразность использования экпериментального метода при изучении языковых процессов в их связи с мышлением носителей языка.","Вестник Волгоградского государственного университета. Серия 2, Языкознание.",2018,semantics
Евгения Анатольевна Соловьева,Aргументативные стратегии современного французского военного дискурса,"Статья посвящена военному дискурсу, который манифестируется в процессе профессионально ориентированной коммуникации и сфокусирован на интерпретации реалий, связанных с военной сферой. Исследование проведено с применением углубленного дискурсивного анализа, который позволяет определить актуальные аксиологические приоритеты коммуникантов и способы аргументации, используемые в военной коммуникации институционального типа. В качестве материала для изучения избрана речь, произнесенная полковником французской армии Николя Лё Неном (Nicolas Le Nen) 25 августа 2008 г. перед военнослужащими 27-го Горно-егерного батальона, поскольку она имеет выраженную внутрикорпоративную направленность и обладает достаточной демонстративностью: содержит значительное количество средств, реализующих отношения между языком и дискурсивным контекстом. В результате исследования автором выявлены и описаны маркеры институционального военного дискурса – дейктические выражения, лексические единицы, актуализирующие ключевые реалии дискурсивного контекста, а также стилистические особенности профессионально ориентированной коммуникации. Показано, что для современной военной институциональной коммуникации характерна лексическая и стилистическая сдержанность, которая обусловлена спецификой Вооруженных сил как государственного и социального института. Выявлены средства дискурсивной актуализации риторических категорий этоса, логоса и пафоса, которая способствует достижению поставленных коммуникативных целей и свидетельствует о жизнеспособности аргументативных традиций классической риторики.","Вестник Волгоградского государственного университета. Серия 2, Языкознание.",2018,discourse
Надежда Александровна Неровная,Содержание концепта «толерантность» в английском языковом сознании: динамический аспект,"Статья посвящена семантико-когнитивному изучению концепта «толерантность» в английском языковом сознании на материале публицистических текстов, посвященных проблеме толерантности, которые были размещены на сайтах англоязычных СМИ в 2014–2016 годах. Эти результаты сопоставлены с результатами исследования автора, проведенного на материале публикаций 2007–2009 годов. В ходе анализа выявлены стабильные когнитивные признаки, представленные в публикациях обоих временных срезов и свидетельствующие об укоренении данного концепта в сознании носителей языка, а также новые когнитивные признаки и признаки, не получившие отражения в публицистических текстах 2014–2016 гг., их наличие является доказательством переосмысления концепта. С учетом полученных новых данных и в зависимости от индекса яркости когнитивных признаков осуществлена полевая стратификация концепта «толерантность» –выделено ядро, ближняя, дальняя и крайняя периферии. Показано возрастание негативной оценочности когнитивных признаков концепта, свидетельствующее о смещении отношения к толерантности в отрицательную сторону. Сделан вывод о коммуникативной релевантности, динамичности концепта «толерантность» и о преобладании в его структуре признаков, отражающих его позитивную оценку в английском языковом сознании.","Вестник Волгоградского государственного университета. Серия 2, Языкознание.",2018,"semantics, cognitive, pragmatics"
Наталья Владимировна Соколова,Приемы перевода англоязычных метафоризированных терминов (на материале патентов),"Статья посвящена проблемам перевода специальной лексики, функционирующей в технических текстах. Объектом исследования избраны метафоризированные термины как носители когнитивной информации, доминирующей в технических текстах. В качестве материала для изучения послужили размещенные в базе PATENTSCOPE Всемирной организации интеллектуальной собственности (World Intellectual Property Organisation) современные англоязычные технические патенты, удостоверяющие авторство на конкретные новейшие изобретения в области нанотехнологий и наноматериалов, и их переводы на русский язык. Для достижения поставленной цели – выявить и охарактеризовать приемы перевода метафоризированных терминов – применялись сопоставительный и дескриптивный методы. Установлено, что в качестве приемов перевода метафоризированных терминов использовались: 1) метафоризация с сохранением спосо-ба переноса значения, 2) реметафоризация со сменой способа переноса значения, 3) деметафоризация, 4) деметафоризация или метафоризация одного и того же метафоризированного термина, что способствует появлению синонимичных терминов в русском языке. В рамках проведенного исследования можно говорить о меньшей востребованности приема реметафоризации. Практическая ценность работы определяется возможностью использования результатов исследования терминов, созданных на основе метафорического переноса, в переводческой деятельности, а также в курсах теории и практики перевода.","Вестник Волгоградского государственного университета. Серия 2, Языкознание.",2018,translation studies
Анастасия Александровна Плавина,Специфика дискурсивной репрезентации фрейма «местные жители» в жанре «путевые заметки» в диахронии,"В статье представлены результаты диахронического корпусного анализа стратегий дискурсивной репрезентации фрейма «местные жители» в жанре «путевые заметки». На материале авторского корпуса текстов «путевых заметок», относящихся к концу XIX в., и сопоставимого по размеру корпуса текстов современных блогов о путешествиях с помощью программного обеспечения LancBox64 была проведена категоризация номинативных языковых средств, которые репрезентируют фрейм «местные жители», отражающий восприятие представителей иного культурного сообщества. Моделирование номинативных кластеров в текстах единой жанровой принадлежности, написанных в разные исторические периоды, осуществлялось с использованием инструментов корпусно-статистического анализа, позволивших определить частотность употребления лексических единиц, выявить типичные атрибутивные словосочетания, провести их категоризацию и сопоставительный анализ. На основе полученных данных систематизированы средства дискурсивной репрезентации исследуемой категории в диахронии, уточнена классификация стратегий дискурсивной репрезентации описываемых явлений, охарактеризованы историко-культурные закономерности способов реализации дискурсивной практики. В результате сопоставительного анализа количественных данных о средствах и способах репрезентации фрейма «местные жители» в каждом из периодов установлены динамические изменения, выразившиеся в отборе номинативных средств, отражающих различные категории социальных акторов, оценочных атрибутивных и процессуальных лексемах, используемых для дискурсивного конструирования образа представителей иного культурного сообщества в сознании носителей западной культуры.","Вестник Волгоградского государственного университета. Серия 2, Языкознание.",2017,"discourse, semantics"
Александр Михайлович Поликарпов,Интегративное переводоведение: предпосылки возникновения и основные идеи,"В статье обобщаются взгляды отечественных и зарубежных ученых на проблему междисциплинарности / трансдисциплинарности в переводоведении, то или иное решение которой приводит к формированию новых, интеграционных научных парадигм. Раскрываются основные предпосылки возникновения ин-тегративного переводоведения, развитие которого связано с новым видением переводческой деятельности как динамической целенаправленной системы: в интегративном переводоведении влияющие на перевод внутренние и внешние факторы комплексно изучаются с учетом творческой личности переводчика, многослойности его мышления, а также текстоцентрического принципа и комплексной оценки качества перевода. Изложены выработанные на основе специальных транслатологических исследований, проводимых в Северном (Арктическом) федеральном университете, и внедрения их результатов в преподавание переводческих дисциплин теоретические и практические положения, значимые для интегративного переводоведения, описан его понятийный аппарат, определены направления и задачи дальнейших исследований. Моделирование процесса перевода предложено осуществлять, исходя из действия принципа «многоканальности» мышления переводчика, предполагающего интеграцию сознательных ментальных действий с бессознательными операциями, что позволяет характеризовать с холистических позиций переводческую деятельность как целенаправленную динамическую систему взаимосвязанных действий. По мнению автора, интегративный подход к изучению процесса перевода дает возможность успешно использовать междисциплинарность в качестве преимущества при создании соответствующей модели перевода и при обучении будущих переводчиков. Ориентация как в исследованиях, так и в преподавании на качество переводческой деятельности с учетом многих факторов, влияющих на нее, может способствовать позитивным изменениям в оценке значимости профессии переводчика.","Вестник Волгоградского государственного университета. Серия 2, Языкознание.",2017,translation studies
Наталья Юрьевна Сороколетова,Специфика гетерогенности жанра «банкетная речь» в англоязычном ритуальном дискурсе,"Статья посвящена изучению гетерогенности речевого жанра «банкетная речь» в англоязычном ритуальном дискурсе. С опорой на когнитивно-дискурсивный подход к определению речевого жанра автор понимает высказывание как простое или сложноорганизованное коммуникативное действие, имеющее конкретную цель и реализуемое посредством речевого акта или цепочки речевых актов, выбор которых обусловлен стратегиями и тактиками типового сценария отдельного речевого жанра. Для сценария речевого жанра характерна гетерогенность, которая проявляется в возможности композиционной и стилевой вариативности. На материале корпуса официальных банкетных речей, произнесенных на заключительном банкете в честь окончания Олимпийских игр в Лондоне в 1908 г., были определены облигаторные и вариативные черты банкетной речи как жанра ритуального дискурса. Установлено, что к облигаторным конституентам изучаемого жанра относятся обращение к участникам банкета, тематическое введение, обозначающее цель данного ритуального мероприятия, оценка события, ставшего его причиной, заключительное обращение к участникам. Каждой части жанра «банкетная речь» соответствует свой речевой акт или их совокупность (РА социальный вокатив, благодарность, комплимент, похвала). Гетерогенность жанра банкетной речи проявляется в вариативности композиции, риторических и жанрово-стилистических приемов реализации жанра «банкетная речь», а также в возможном использовании речевого жанра «тост» в ее заключительной части.","Вестник Волгоградского государственного университета. Серия 2, Языкознание.",2017,discourse
Светлана Валентиновна Ионова,Аспекты исследования письменного текста как объекта лингвистической экспертизы,"В статье характеризуются аспекты изучения письменных текстов и письменной фиксации устной речи как продуктов речевой деятельности. Обосновывается необходимость дальнейшей разработки практически значимых вопросов в исследовании речевых произведений: диагностика и идентификация языковых личностей по созданному ими тексту; разграничение спонтанной и подготовленной письменной речи; установление факта несамостоятельности создания письменного текста. Областью наибольшей востребованности исследований в перечисленных направлениях является лингвистическая экспертиза текста, устанавливающая связь между личностью, уровнем ее языковой, коммуникативной письменной компетенции, особенностями, целью и эффектами ее речи. Предложенный в статье обзор имеющихся в области лингвистической экспертизы достижений показал, что лингвистическая экспертиза в полной мере использует все достижения фундаментальной науки: понятие языковой личности, типологии текстов, литературного языка и спонтанной речи, соотношения письменной и устной форм выражения мысли, нормы и ее развития в процессе коммуникации и др.; однако в распоряжении экспертов сегодня нет единообразной, систематически организованной и эмпирически обоснованной базы диагностических признаков, необходимой для того, чтобы фундаментальные знания, накопленные в языкознании, стали основой для разработки апробированных технологий решения практических задач.","Вестник Волгоградского государственного университета. Серия 2, Языкознание.",2017,discourse
Евгения Геннадьевна Дмитриева,Об эмоциональном и рациональном в тексте «Русской Правды»,"В статье рассматриваются особенности формирования терминологических значений у эмотивных лексем, функционирующих в одном из древнейших оригинальных законодательных памятников Древней Руси – «Русской Правде». Особое внимание уделяется взаимодействию в семантической структуре слова эмоциональных (субъективных, отражающих бытовое видение предмета) и рациональных (объективированных, терминологических) смыслов. Установлено, что все эмотивные лексемы в тексте «Русской Правды» подвергаются переосмыслению, проявляющемуся в формировании нового значения и / или функционального ограничения. Выделены три группы лексем в зависимости от соотношения в их значениях рациональных (терминологических) и эмоциональных (общеязыковых) элементов: 1) слова, сохраняющие значение эмоционального переживания; 2) эмотивы, развившие дополнительное терминологическое содержание, характеризующиеся определенным семантическим синкретизмом; 3) термины-омонимы, сформировавшиеся в результате семантической деривации на базе эмотивных лексем. Полученные сведения дополняют представления о возможностях семантического развития лексики эмоций, которые реализуются уже в древнейших текстах и, будучи связанными с деловой письменностью, обладают определенной зависимостью от жанровой принадлежности текста, сферы его бытования. Привлечение данных позднейших источников показало, что модель образования терминов на основе эмотивов оказалась непродуктивной.","Вестник Волгоградского государственного университета. Серия 2, Языкознание.",2017,semantics
Марина Владимировна Косова,Признаки законодательного документа в тексте «Русской Правды»,"Одной из задач документной лингвистики как науки является установление закономерностей формирования документов и свойств, или признаков, документного текста, что определяет обращение к историческому материалу как к объекту изучения. В работе рассматривается «Русская Правда» как исторический документ. С позиций документной лингвистики определяются основные признаки законодательного документа, в частности «функциональность», «структурность», «информативность», «пространственно-временная локализованность», «соответствие текста определенным речевым параметрам», и анализируется проявление этих признаков в тексте «Русской Правды» как древнейшем памятнике законодательства Киевской Руси. Характеризуются функция «Русской Правды», структура этого документа, типы передаваемой в тексте информации, языковые средства отражения объективного и социального пространства, хронологические параметры. Установлено, что «Русская Правда» выполняла в качестве основной регулятивную функцию; признак структурности проявляется своеобразно – формуляр, понимаемый в настоящее время как набор реквизитов, в этом документе практически отсутствует; текст «Русской Правды» передает разную по прагматическому назначению информацию – фактуальную и концептуальную; тесно связаны между собой объективное и социальное пространство; временная локализация соотносит содержание документа с моментом речи или с другим событием. Затрагивается вопрос об авторстве этого документа, о его особой, «хронологически последовательной» коллективности, неэксплицированности в тексте. Признак «соответствие текста определенным речевым параметрам» рассматривается как способ передачи информации, его соответствие нормам официально-делового стиля. В статье отмечается, что текст «Русской Правды» при отсутствии завершенности имеет характерные для документного текста черты – связность, целостность и синтаксическую однотипность.","Вестник Волгоградского государственного университета. Серия 2, Языкознание.",2017,discourse
Алиса Олеговна Кагилева,«Политкорректность»: аспекты интерпретации,"В статье рассматривается актуальное для современного социума понятие политкорректности. Раскрывается его содержание в разные исторические эпохи и применительно к разным отраслям науки: политологии, социологии, культурологии и др. Особое внимание уделяется лингвистическим дискуссиям об объеме этого понятия: политкорректность анализируется в соотношении со смежными понятиями «речевое поведение», «языковая картина мира», «эвфемизм», «толерантность». Утверждается, что политкорректность влияет на изменения языковой картины мира, а наличие эвфемизмов способствует сохранению дискриминации в обществе. На материале статей, размещенных на российских новостных порталах, показано, что в российских средствах массовой информации, а следовательно, в речевой практике социума лексемы политкорректность и толерантность используются не дифференцированно, что отражает смешение соответствующих им понятий. Предлагаются критерии разграничения политкорректности и толерантности: характер объекта, на который направлено толерантное или политкорректное речевое поведение; возможность замалчивания информации; направленность / ненаправленность такого поведения на диалог и др. С опорой на исследования Х.-Й Клатта (H.-J. Klatt) обосновывается необходимость включения специального курса «Политкорректность» в программы российских высших учебных заведений, общеобразовательных школ, гимназий, лицеев.","Вестник Волгоградского государственного университета. Серия 2, Языкознание.",2017,"pragmatics, discourse"
"Светлана Николаевна Плотникова, Елена Борисовна Шавалиева",Метадискурс в пространстве разговорного дискурса,"Авторы предлагают пространственную модель разговорного дискурса, значимым компонентом которой является метадискурс. Дискурсивное пространство трактуется широко, как понятие, сближающее текст и разговор, как среда сосуществования и функционирования определенных дискурсов, объединенных по какому-либо принципу. Доказывается, что понятие дискурсивного пространства помогает структурировать информацию в беседе, а именно отграничивать фактуальную информацию от информации о межличностных отношениях коммуникантов. Анализ примеров показывает, что в рамках разговорного дискурса сосуществуют два дискурса: собственно дискурс описывает фактическое положение вещей в мире; метадискурс передает информацию об отношениях говорящих, как постоянных, так и временных, включая коммуникативные роли, в которых говорящие выступают в данной беседе. Особое внимание уделяется способу соединения дискурса и метадискурса и тому, какой вклад они вносят, соответственно, в процесс смыслообразования в беседе. Некоторые примеры позволяют легко вычленить метадискурс в виде отдельных структурных единиц. В других беседах наличие метадискурса менее очевидно, поэтому анализ начинается с поверхностного уровня репрезентации метадискурса, а затем переходит к более глубокому, имплицитному уровню его актуализации. С одной стороны, метадискурс – это определенная форма использования языка, отбор морфем, слов и предложений. С другой стороны, помимо языковых форм, значительную роль играют скрытые смыслы, извлекаемые из дискурсивного пространства. Поэтому понятие дискурсивного пространства авторы относят к сфере семантических или когнитивных исследований дискурса.","Вестник Волгоградского государственного университета. Серия 2, Языкознание.",2017,discourse
Дмитрий Юрьевич Ильин,Региональные топонимические названия в туристическом дискурсе,"В публикации представлены возможности практического применения результатов исследования регионального топонимикона. Развитие туристической деятельности проявляется в увеличении количества подготавливаемой для туристов печатной рекламной продукции – энциклопедий, путеводителей, экскурсионных справочников – и повышает требования к качеству ее содержания. Особую значимость в текстах туристического дискурса приобретают топонимические наименования, дающие возможность эксплицировать некоторые особенности духовной и материальной жизни населения определенной территории, представить дополнительные сведения о развитии русского языка. В статье рассмотрены топонимы Волгоградской области и охарактеризованы интра- и экстралингвистические факторы, влияющие на их образование. Выделены группы региональных географических имен собственных, в основу номинации которых положены следующие признаки: отражение природно-географической обусловленности названия; указание на народ или народность, проживающие на данной территории; детерминированность историческими личностями, игравшими значительную роль в жизни региона, или событиями, повлиявшими на развитие страны; этнокультурная определенность; указание на имплицитный компонент названия, реализуемый только в пределах данного региона. На основе описания структурно-функциональных свойств онимов, обозначающих географические объекты, показаны особенности их смыслового наполнения, определяющие их роль в репрезентации туристического дискурса.","Вестник Волгоградского государственного университета. Серия 2, Языкознание.",2016,onomastics
"Федор Сергеевич Непша, Татьяна Львовна Богатырева",Современное французское арго: структурные и функциональные изменения,"Актуальная проблема обусловленности языковых изменений социокультурными факторами рассматривается в статье на материале французского арго. Для лингвистического анализа из различных источников, преимущественно песенных текстов, прозаических литературных произведений и интернет-ресурсов, отобрана 1 000 единиц арготической лексики. В работе характеризуются два периода в развитии французского арго: 60–80-е гг. XX в. и начало XXI века. Установлены способы образования арготизмов и выявлены следующие тенденции изменения в структуре арго: во-первых, увеличение доли механистических способов словообразования (кодирования и верлана), доли метонимии, заимствований из других языков (английского, арабского, африканских); во-вторых, снижение доли деривации, редупликации, прочих типов кодирования, а также доли семантических способов словообразования (метафоры и метонимии) и традиционного арго. С привлечением статистических данных показано, что трансформации в структуре арго обусловлены изменениями состава иммигрантов во Францию, развитием Интернета и СМИ, возникновением рэп-культуры. Эти факторы способствуют изменению соотношения функций арго (утрате криптолалической функции, угасанию опознавательной функции и закреплению в качестве доминирующей людической функции), а также появлению новой функции – поэтической.","Вестник Волгоградского государственного университета. Серия 2, Языкознание.",2016,"sociolinguistics, lexicology"
Санья Ибрагимовна Маджаева,Функции медицинского документа «история болезни»,"В статье предложено определение данного документа как вербального оформления компетенций врача, его знаний посредством фиксации (специальными профессиональными знаками) наблюдений за состоянием больного, как совокупности текстов, репрезентирующих специфику лечения заболевания. Дана характеристика наиболее значимых особенностей речевого воплощения содержания. Выявлены основные функции данного документа: информационная, регулятивная, правовая, логическая, ориентирующая, прагматическая. Информационная функция документа реализуется посредством строгой фиксации информации, точности, стандартизованности ее речевого выражения. Регулятивная функция реализуется посредством точного описания поставленного диагноза и актуализирует способность документа управлять познавательной деятельностью специалиста-медика. Правовая функция «истории болезни» обеспечивается фиксацией состояния пациента и сделанных врачом назначений, а также обоснованием клинического диагноза. Автор полагает, что клиническое мышление специалиста-медика реализуется через логическую функцию. Жесткий порядок следования разделов свидетельствует об ориентирующей и прагматической функциях. Выявленные функции способствуют тому, что документ «история болезни» становится одним из инструментов, обеспечивающих достижение главной цели специалиста-медика и пациента – выздоровления последнего. Анализ «истории болезни» как документа позволил дополнить имеющиеся в науке представления о документном тексте и уточнить существующую типологию документов.","Вестник Волгоградского государственного университета. Серия 2, Языкознание.",2016,discourse
"Александра Николаевна Усачева, Татьяна Юрьевна Махортова, Ольга Ильинична Попова, Татьяна Борисовна Новикова","Скопос, интерпретация, когниция: от мультивекторной теории перевода к эффективной практике","В данной статье рассматривается современное состояние теории перевода, которое характеризуется наличием как традиционных лингвистических теорий, так и множества других концепций и моделей перевода, предложенных в последние десятилетия учеными из разных стран. Авторы статьи фокусируют свое внимание на трех актуальных для развития современного переводоведения концепциях – скопос-теории, интерпретативной теории и когнитивной теории. В работе сопоставляются подходы представителей современной российской и западной науки к переводу, детерминированные различиями в социокультурах носителей разных языков, культурной специфичностью семантики языковых знаков и проблематичностью совместимости языковых картин мира. Описываются результаты анализа концептуальных составляющих коммуникативно-функционального подхода, а также дается анализ принципиальных положений прагматического и когнитивного подходов к трактовке процесса перевода. Авторы статьи предлагают апробированные в профессиональной деятельности оценки возможностей использования рассматриваемых теорий в программах подготовки профессиональных переводчиков с точки зрения обеспечения эффективности их будущей практической деятельности. Охарактеризованные в данной статье дидактические приемы, обобщающие опыт российских и западных переводческих школ, иллюстрируют возможности качественного использования результатов мультивекторных и мультикультурных теоретических изысканий в специализированных университетских учебных курсах.","Вестник Волгоградского государственного университета. Серия 2, Языкознание.",2015,translation studies
"Александр Михайлович Поликарпов, Артур Владиславович Брик",Коммуникативно-тактильное поведение в авторских ремарках как составная часть диалогической интеракции немецкоязычных драматических произведений,"В статье с позиции интеракциональной лингвосемиотики рассматриваются средства репрезентации коммуникативно-тактильного поведения в авторских ремарках немецкоязычных драматических произведений. Показано, что в драматическом произведении диалогическая интеракция представляет собой систему вербальных и невербальных взаимодействий и взаимовлияний коммуникантов. Выявлено, что в авторских ремарках отражается коммуникативно-тактильное поведение действующих лиц, которое становится в драматическом произведении составной частью стилизованной диалогической интеракции. В результате анализа языкового материала установлено, что тактильный канал представлен в драматическом произведении преимущественно в ремарках, посредством которых автор характеризует действия и состояния драматических героев. В качестве основных средств выражения тактильности в научной статье рассматриваются глаголы и глагольные сочетания. Такесические глагольные средства инвентаризируются с позиции теории полевой структуры. К ядерной зоне относятся глаголы, в первичном значении называющие касание или осязание, содержащие в толковании указание на соматический компонент. Приядерную зону формируют глаголы, такесическое значение которых не является первичным. Ближнюю периферию составляют глаголы общего восприятия, используемые для передачи перцептивных состояний драматических героев, а дальнюю периферию – глаголы других лексико-семантических групп, приобретающие значение прикосновения в конкретном микроконтексте.","Вестник Волгоградского государственного университета. Серия 2, Языкознание.",2015,"semiotics, semantics"
"Майя Александровна Живокина, Анна Владимировна Малюгина",Фразовые глаголы со значением «агрессивное действие» в английском языке: возможности классификации,"В статье описан фрагмент лексической системы английского языка, отражающий сложившиеся в социуме представления об агрессивном действии как одном из проявлений агрессивного поведения. В качестве объекта исследования выбраны фразовые глаголы – частотные, но наименее изученные средства обозначения агрессивного действия. Источниками для отбора фактического материала стали толковые словари английского языка, включающие типовые контексты употребления языковых единиц. С опорой на результаты дефиниционного и контекстуального анализа предложена классификация фразовых глаголов, называющих агрессивное действие. На основании дифференцирующих семантических компонентов в значениях глаголов ('attack', 'hit', 'use a tool of aggressive action', 'destroy', 'hurt, kill, murder', 'force') выявлено 6 лексико-семантических групп фразовых глаголов со значением «агрессивное действие». Показано, что некоторые глаголы, реализуя в контексте различные лексико-семантические варианты значений, могут быть отнесены к нескольким ЛСГ. Установлено, что глаголы всех ЛСГ содержат (эксплицитно или имплицитно выраженный) семантический компонент 'инструмент агрессивного действия'. С учетом неоднородности семантики глагольных лексем и на основании различий в наборе семантических компонентов в их значениях в рамках каждой ЛСГ выделены подгруппы, отражающие языковую конкретизацию представлений об агрессивном действии.","Вестник Волгоградского государственного университета. Серия 2, Языкознание.",2015,"semantics, lexicology"
Ирина Александровна Якоба,Деконструкция дискурсивной технологии власти,"В статье рассматриваются проблемы языка как орудия, объекта и результата действия механизмов власти и проблема борьбы за сознание человека. Охарактеризованы выявленные в отечественной и зарубежной науке разнообразные дискурсивные технологии и обосновано вводимое автором понятие дискурсивной технологии власти. Описаны дискурсивные структуры умной, мягкой и жесткой силы, посредством которых дискурсивная технология власти реализуется. В качестве иллюстрации приводятся примеры из текстов СМИ, сконструированные с применением лингвокогнитивных механизмов спин-докторинга, фокусирования, дефокусирования и др., позволяющие манипулировать смыслом, искажать или скрывать его, подменяя понятия. Показано, что семантическое варьирование способствует изменению оценки и эмоций, «навязывает» определенное отношение к ситуации, смещает фокус модальности восприятия. На основе методологии критического дискурс-анализа деконструирован специально созданный технологичный дискурс власти, который позволяет доминировать над массовым сознанием и управлять им. Сформулирована важная практическая задача, стоящая перед современной лингвистикой, – раскрыть механизмы манипулятивных дискурсивных технологий и ознакомить с ними заинтересованного адресата с целью противодействовать манипулятивному притяжению информационного содержания, сформированного профессионалами, и не подпадать под его влияние.","Вестник Волгоградского государственного университета. Серия 2, Языкознание.",2015,discourse
Ольга Петровна Кормазина,Компрессированное воспоминание как элемент гипержанра «беседа»,"Статья посвящена описанию речевого жанра «воспоминание», реализующегося в составе единицы более высокого уровня – гипержанра «беседа», который представляет собой сложное жанровое образование, сопровождающее процесс непринужденного коммуникативного взаимодействия. Традиционно в качестве типологической черты воспоминания как жанра живой речи указывается его нарративный характер, предполагающий длительное удерживание речевой инициативы одним говорящим и, как следствие, большую протяженность реплик. Автор статьи выделяет особую разновидность данного жанра – «компрессированное воспоминание», реализующееся в виде краткого констатирующего сообщения о каком-либо факте из прошлого, способного при определенных условиях разворачиваться в полноценный нарратив. Материалом для исследования послужили расшифрованные аудиозаписи устной речи жителей Приморского края в ситуациях семейного и дружеского общения, сделанные автором в период с 2013 по 2015 гг.; записана речь 20 информантов в возрасте от 11 до 85 лет. Анализ компрессированного воспоминания проведен в трех аспектах: 1) семантическом (описание основных видов пропозиций, характерных для данной вариации жанра); 2) коммуникативно-прагматическом (выделение основных функций, выполняемых воспоминанием в рамках беседы); 3) структурно-иллокутивном (характеристика компрессированного воспоминания как реплики-стимула и как реплики-реакции в структуре диалога). Выявленные разноаспектные признаки компрессированного воспоминания в совокупности позволяют определить его как особую разновидность речевого жанра «воспоминание» – элемента гипержанра «беседа».","Вестник Волгоградского государственного университета. Серия 2, Языкознание.",2015,discourse
Александра Александровна Акатова,Лексико-аллюзивное наполнение семантических фреймов (на материале произведений Дж. Фаулза),"Под семантическим фреймом понимается когнитивная модель, некая ментальная область, охватывающая картину мира и тезаурус личности, иерархию смыслов и ценностей в языковой модели мира. Понятийно-когнитивная наполненность семантического фрейма объединяет три плоскости: читатель, автор, культура. Постмодернистский метатекст, ярким примером которого служит метатекст Джона Фаулза, формируют лексико-семантические фреймы, аллюзии, общекультурные прецедентные феномены, перекрестные ссылки, лейтмотивные лексемы. Как наиболее иллюстративные рассмотрены фреймы «свобода» и «игра», которые интегрируют лейтмотивные элементы замкнутого пространства, моря, театра, метатеатра, бога, игры в бога, мага (волшебника), дурака. Анализ лексико-аллюзивных элементов в произведениях Дж.Фаулза («Аристос», «Волхв», «Башня из черного дерева», «Дэниел Мартин», «Любовница французского лейтенанта», «Червь», «Кротовые норы») позволил установить, что cеть аллюзивных вкраплений, организация их в лексико-семантические фреймы способствует декодированию лингвокультурного метатекста общества и личности (автора). Лингвистические и культурологические единицы в тексте приводят к пониманию доминирующего фрейма «свобода» в метатексте: творчество является свободой в действии, ответственность есть условие полной свободы, путь от Дурака к Магу – это путь от слепоты стереотипов общества до видения внутренней свободы и объединяющего смысла всего сущего.","Вестник Волгоградского государственного университета. Серия 2, Языкознание.",2015,semantics
Лариса Михайловна Генералова,Специфика функционирования локативных предлогов как средства выражения пространственных отношений  в немецком языке,"В статье рассмотрены локативные предлоги как средство концептуализации и вербализации пространства в немецком языке. С опорой на положение о том, что между человеком и пространством существует тесная взаимосвязь, так как пространство играет важную роль в организации человеческого познания, автор исследует влияние специфики конкретного языка на способ концептуализации пространственных отношений, который представляет собой сложный процесс выбора определенных аспектов для репрезентации ситуативного знания. Показано, что пространственные отношения могут быть концептуализированы как динамические или статические на основе их различения в виде следующих корреляций: местоположение в пространстве, изменение в пространстве в результате движения, передвижение в пространстве. Врезультате анализа функционирования пространственных предлогов в художественных произведениях современных авторов и в текстах, размещенных на новостных сайтах, доказано, что основными факторами, влияющими на выбор локативных предлогов, маркирующих пространственные отношения, являются измеримость объекта отношения, его функциональные свойства, а также принципы организации зрительного восприятия, управляющие спецификой ориентации человека в пространстве. Установлено, что для вербализации ситуаций внутреннего пространства носители немецкого языка чаще всего используют предлог in, в то время как при вербализации ситуаций внешнего пространства наиболее употребителен предлог an.","Вестник Волгоградского государственного университета. Серия 2, Языкознание.",2015,semantics
Людмила Анатольевна Юшкова,Словообразовательная активность глагольных единиц в современном немецком языке,"Статья посвящена проблеме словообразовательной активности, понимаемой как способность словообразовательных элементов и словообразовательных моделей регулярно участвовать в образовании новых лексем. Выявляются и рассматриваются продуктивные модели образования немецких коллоквиальных глагольных единиц, в состав которых входят приглагольные частицы пространственной семантики, анализируется степень словообразовательной активности соответствующих словообразовательных моделей и их вариантов. С применением метода количественных подсчетов установленные словообразовательные модели распределяются по трем группам: высокоактивные модели, активные модели, малоактивные модели (с ограниченной активностью). В результате исследования словообразовательной активности приглагольных частиц и производящих основ, участвующих в образовании анализируемых глагольных единиц, выявлены наиболее активные приглагольные частицы и описаны факторы, влияющие на их активность: морфологическая характеристика основы, морфемная структура основы, степень многозначности производящего слова. Установлено, что активность словообразовательного компонента напрямую связана с активностью включающей его словообразовательной модели, а разнообразие словообразовательных моделей с каким-либо приглагольным компонентом не имеет прямой связи с активностью этих моделей. Особое внимание в статье уделено роли семантических и стилистических характеристик производящего слова, обусловливающих его словообразовательную активность в составе той или иной словообразовательной модели.","Вестник Волгоградского государственного университета. Серия 2, Языкознание.",2015,morphology
Ольга Ивановна Дмитриева,ДИНАМИКА СЕМАНТИКО-СЛОВООБРАЗОВАТЕЛЬНЫХ ПОДСИСТЕМ РУССКОГО ЯЗЫКА: ИСТОРИЧЕСКАЯ ДИНАМИКА СЛОВООБРАЗОВАТЕЛЬНОГО ГНЕЗДА,"В статье дается обоснование принципов и методики синхронно-диахронного анализа словообразовательных подсистем русского языка, рассматриваются возможности изучения исторической динамики словообразовательного гнезда как основной макроединицы словообразовательной системы. В поле анализа находится словообразовательное гнездо с корнем -ход-, формирование которого исследуется в разные периоды истории русского языка. Значимость глаголов движения в языковой картине мира определила характер и структуру данного гнезда как одного из самых крупных в русском языке. В статье выявлена структурно-семантическая динамика гнезда -ход-. Установлено, что в древнерусский период в рассматриваемом гнезде образуются префиксальные глагольные дериваты, ставшие вершинами разветвленных словообразовательных парадигм и существующие в современном русском языке. Старорусский период развития языка характеризуется появлением слов с коннотативным значением (с суффиксами -ишк-, -ичн-), а также слов с поссесивной семантикой (с суффиксами -ев-, -ск-). В этот же период анализируемое гнездо пополняется глаголами с постфиксом -cz. Период формирования единого национального литературного языка отмечен сокращением общего числа отвлеченных существительных в сочетании с образованием неологизмов от некоторых старорусских отвлеченных существительных. Исследуемое гнездо в современном русском языке отличается образованием слов-терминов, активной семантической деривацией, ослаблением словообразовательного варьирования, семантической дифференциацией дублетных единиц, развитием подсистемы слов с оценочным значением, закреплением дериватов во всех функциональных стилях.","Вестник Волгоградского государственного университета. Серия 2, Языкознание.",2015,"semantics, etymology"
Денис Сергеевич Золотухин,РАЗВИТИЕ СИНОНИМИИ ФРАНЦУЗСКИХ ЛИНГВИСТИЧЕСКИХ ТЕРМИНОВ (НА ПРИМЕРЕ ТЕРМИНОСИСТЕМЫ Ф. де СОССЮРА),"В статье представлены особенности синонимии лингвистических терминов французского языка в синхронно-диахроническом аспекте на межсистемном и внутрисистемном уровнях на примере терминосистемы Фердинанда де Соссюра. На основе анализа современных эпистемологических источников выявлены формы движения научного знания, которые соответствуют определенным формам отражения научной теории. Основные этапы развития синонимии соотнесены с этапами эволюции лингвистических теорий и соответствующих терминологических систем. Метод компонентного анализа контекстных дефиниций терминов позволил установить набор общих и дифференциальных признаков элементов семантического поля «signifié» в лингвистической терминосистеме Ф. де Соссюра. Основываясь на тектологической теории А.А. Богданова и ее интерпретации для языковых систем И.В. Харитоновой, рассмотрены механизмы, обусловливающие движение терминосистемы и изменение характеристик синонимических отношений ее элементов, а также определены место и особенности синонимии как оператора, переводящего терминологическую систему из одного состояния в другое: от терминологии к организованной терминосистеме и, наоборот, к распаду (дизъюнкции) существующих систем. Результаты исследования подтверждают значимость комплексного лингво-эпистемологического подхода к синхронно-диахроническому исследованию терминосистем французского языкознания.","Вестник Волгоградского государственного университета. Серия 2, Языкознание.",2015,semantics
Григорий Валериевич Токарев,АББРЕВИАТУРНОЕ ЗАГЛАВИЕ ХУДОЖЕСТВЕННОГО ПРОИЗВЕДЕНИЯ В СИСТЕМЕ ЗНАКОВ Ч. ПИРСА,"Статья посвящена изучению функционирования аббревиатурного заглавия художественного произведения эпохи постмодернизма в семиотическом аспекте. Проанализировано отношение заглавия-знака к объекту, который оно замещает. Заглавие рассмотрено с точки зрения трех основных характеристик, присущих знаку в соответствии с учением Ч. Пирса. Это позволяет сделать вывод о том, что, являясь знаком, аббревиатурное заглавие замещает художественный текст, который также представляет собой выраженные в знаковой форме знания автора о действительности. В данном аспекте заголовок становится метазнаком своего текста. Показано, что в связи с этим процесс декодирования и интерпретации проходит в два этапа – до прочтения текста и в процессе его прочтения и интерпретации. Утверждается, что результат интерпретации заглавия напрямую зависит от уровня читательской компетенции, которая определяется общим литературным кругозором интерпретатора, а также навыками продуктивной работы с текстом произведения. На основании классификации знаков, созданной Ч. Пирсом, установлено, что аббревиатурное заглавие обладает сложной семиотической природой, совмещая в себе одновременно признаки индексальности, условности и иконичности, последний из которых может присутствовать только у заглавия-сокращения.","Вестник Волгоградского государственного университета. Серия 2, Языкознание.",2015,semiotics
Александра Валерьевна Филиппова,УЧЕБНИК НЕМЕЦКОГО ЯЗЫКА: ГЕНДЕРНОЕ ИЗМЕРЕНИЕ,"В данной статье рассматривается учебное пособие по немецкому языку как иностранному «Aspekte 1» в контексте гендерной политики, инициированной социолингвистами и представителями так называемой феминистской критики немецкого языка в конце прошлого века и проводимой по сей день. Данная политика направлена, во-первых, на разрушение гендерных стереотипов в учебных и справочных материалах, формирующих искаженную картину мира у читателей, зачастую не соответствующую современному положению дел. Особую роль играет при этом язык, с помощью которого манифестируются гендерные асимметрии, то есть действиям мужчин и женщин дается разная оценка, при этом, по мнению исследователей данного вопроса, женщине чаще, чем мужчине, приписываются отрицательные качества, она не рассматривается, в отличие от мужчины, как референт. Задача исследования, результаты которого описаны в статье, состоит в лингвистическом анализе использованных в учебнике «гендерно нейтральных» форм немецкого языка, отражающих тенденции к реформированию немецкого языка в гендерном аспекте в целом, а также в анализе представленной в учебном пособии фразеологии на предмет наличия гендерной симметрии или асимметрии. Отдельное внимание уделяется рассмотрению гендерных стереотипов, полоролевых клише, то есть существующих в обществе ожиданий, поведенческих установок, касающихся мужчин и женщин, в различных сферах жизни социума.","Вестник Волгоградского государственного университета. Серия 2, Языкознание.",2015,sociolinguistics
Эйсфельд Евгений Александрович,Е.А. РЕЧЕВЫЕ СТРАТЕГИИ И ТАКТИКИ В ЕЖЕГОДНЫХ ВЫСТУПЛЕНИЯХ АНГЕЛЫ МЕРКЕЛЬ,"Статья посвящена исследованию состава речевых стратегий и тактик на материале ежегодных посланий Ангелы Меркель. Проводится системный лингвистический анализ выступлений политика в период с 2005 по 2015 г., выявляется динамика изменения стратагемно-тактического комплекса, реализуемого оратором. С применением методов сплошной выборки и контекстуального анализа исследуются особенности использования Ангелой Меркель речевых стратегий и тактик. Установлено, что к основным речевым стратегиям в анализируемых текстах относятся стратегия самопрезентации, информационно-интерпретационная стратегия, аргументативная стратегия, стратегия формирования эмоционального настроя адресата и агитационная стратегия. Реализация данных стратегий через набор речевых тактик позволяет оратору выполнять поставленные коммуникативные задачи, в частности информирование слушателей, интерпретация фактов, получение симпатии со стороны адресата, повышение личного статуса, объединение населения, дискредитация политических оппонентов, побуждение адресата к определенным действиям. Комбинирование разнообразных речевых стратегий и тактик в выступлениях способствует оптимальному достижению Ангелой Меркель коммуникативных целей. В перспективу исследования входит проведение компаративного анализа стратагемно-тактических комплексов, реализованных в речах российских и германских политиков.","Вестник Волгоградского государственного университета. Серия 2, Языкознание.",2015,"pragmatics, cognitive"
Пищальникова Вера Анатольевна,СПЕЦИФИКА ВЕРБАЛЬНОЙ РЕПРЕЗЕНТАЦИИ ПОНЯТИЯ «ВЕЖЛИВОСТЬ» В РУССКОМ ЯЗЫКЕ И ИВРИТЕ,"Авторы сравнивают содержание универсального этического понятия «вежливость», выраженного в русском языке и иврите, на основе исследования структуры лексического значения слова. Вежливость рассматривается как базовая этическая ценность, входящая в ядро этнической культуры и влияющая на содержание образа мира этноса. Этическая категория вежливости реализуется в базовом концепте «вежливость» практически во всех лингвокультурах, но в его вербальной репрезентации обнаруживаются существенные различия, обусловленные различиями в его структуре и спецификой соотношения семантических компонентов. Авторы доказывают, что национально-культурные особенности коммуникативного поведения во многом обусловлены разным содержанием концепта «вежливость» в коммуникативном сознании представителей различных лингвокультур. В процессе коммуникации носители лингвокультуры исходят из различных операциональных представлений о том, что является вежливым, приобретенных в процессе социальной адаптации человека. Авторы подчеркивают, что обозначаемые одним словом понятия (концепты), входящие в концептосферу разных народов, чаще не совпадают по психологически реальному содержанию. Именно несовпадающие части этноспецифичных концептов содержат существенную информацию о национальных особенностях коммуникативного поведения народа, а потому релевантны прагматически. В связи с этим изучение национальной специфики содержания концепта «вежливость» рассматривается как актуальная теоретико-прагматическая проблема. Авторы описывают первый этап моделирования содержания понятия «вежливость» на основе лексикографических данных. Сравнивая компоненты содержания концептов, обозначенных соотносимыми словами в русской и еврейской лингвокультурах, авторы доказывают устойчивость структуры концепта как специфической ментальной единицы. Структурно-содержательные модели лексем вежливость и ъебйга включают дискретные компоненты значения, находящиеся в градуальной оппозиции. Авторы предполагают, что это может быть показателем определенных универсальных типов отношений между компонентами значения слова.Смоделированную структуру содержания лексем авторы предполагают верифицировать на основе сопоставления с данными свободного ассоциативного эксперимента и эксперимента на шкалирование значений.","Вестник Волгоградского государственного университета. Серия 2, Языкознание.",2015,"linguoculturology, pragmatics"
Олянич Андрей Владимирович,ОБРАЗНЫЕ И ЦЕННОСТНЫЕ ХАРАКТЕРИСТИКИ КОНЦЕПТОСФЕРЫ «LAND» / «ЗЕМЛЯ» В МЕНТАЛИТЕТЕ СОВРЕМЕННОГО БРИТАНСКОГО ЭТНОСА,"В статье описаны основные результаты анализа когнитивного и семиотического освоения представителями современного британского этноса образных и ценностных параметров (характеристик) концептосферы «Land» / «Земля» и их рефлексии в менталитете данного этносоциума. Для выявления таких характеристик исследуемой концептосферы использовался прием ассоциативного эксперимента – анкетирования информантов британского происхождения, исконных резидентов Великобритании, чье происхождение является истинно англосаксонским. Полученные от информантов рефлексии дали возможность репрезентации концептосферы как образа объекта агрикультуры, объекта трудовой деятельности, институционального объекта, объекта развлечений, эстетического восприятия, прагматического использования (объект сдачи в аренду, продажи, извлечения экономической прибыли). Ценностные характеристики концептосферы «Land» / «Земля» выявлены, во-первых, путем лингвосемиотического анализа тех языковых средств, которые аккумулируются в «ментально-лингвистическом» фонде англоязычного этноса, сохраняя в языковой памяти знаки, указывающие на аксиологический потенциал исследуемой концептосферы; во-вторых, с использованием ответов информантов на один из вопросов анкеты, касающийся оценки паремий. Аксиология ценностной логико-когнитивной рефлексии концептосферы «Land» / «Земля» фиксировалась через оценочные имена прилагательные, стилистически маркированные как позитивные эпитеты; оценочные высказывания, семантизирующие состояние восторга или удовлетворения; фразеологические единицы с позитивной коннотацией; паремии.","Вестник Волгоградского государственного университета. Серия 2, Языкознание.",2015,"cognitive, semiotics"
Бытко Наталия Сергеевна,АНГЛОЯЗЫЧНАЯ ЮРИДИЧЕСКАЯ ТЕРМИНОЛОГИЯ ИНДИИ В ЛЕКСИКОГРАФИЧЕСКОЙ ПРЕЗЕНТАЦИИ,"Исследование выполнено в рамках исторической лексикографии и посвящено лексикографии Индии, имеющей длительную традицию, прежде всего, в области создания словарей санскрита. Показано, что в XIX в. на фоне существенных изменений языковой ситуации в Индии в лексикографический обиход вводятся и другие языки Индостана, а также английский язык, при этом одним из важных направлений развития лексикографии зарождавшегося индийского варианта английского языка, особенно на ранних этапах, является терминография. В данной статье предметом исследования служит первый словарь терминов, составленный в Индии, – словарь юридических терминов «A Glossary of Judicial and Revenue Terms and of Useful Words». Методика исследования состоит в использовании приемов комплексного лексикографического анализа материалов словаря в контексте языковой и социокультурной ситуаций. В результате выполненного анализа выявлена корреляция между макро- и микропараметрами словаря и языковой и социокультурной ситуациями. На макроуровне эта корреляция проявляется, прежде всего, в том, что заказчик, совет директоров Ост-Индской компании, определил параметры и содержание справочного пособия, исходя из практических целей эффективного функционирования сотрудников в различных регионах. Необходимость более глубокого понимания культурной составляющей терминов обусловила использование в дефинициях больших объемов энциклопедической информации, что привело к изменению типологических характеристик словаря. На микроуровне корреляция проявляется в стремлении унифицировать орфографию, а также в сочетании алфавитного и гнездового принципов размещения единиц описания.","Вестник Волгоградского государственного университета. Серия 2, Языкознание.",2015,lexicography
Чукшис Вадим Андреевич,ФУНКЦИИ ВЕНСКОГО ДИАЛЕКТА В ПРОИЗВЕДЕНИЯХ СОВРЕМЕННОЙ АВСТРИЙСКОЙ ХУДОЖЕСТВЕННОЙ ЛИТЕРАТУРЫ,"Проблема определения лингвистического статуса австрийских диалектов и их функций в произведениях австрийской художественной литературы продолжает сохранять научную значимость. В статье выявляются основные особенности венского диалекта, делаются выводы о его статусе среди других австрийских диалектов, дается характеристика функций венского диалекта в произведениях австрийской художественной литературы. Автор статьи исходит из положения о том, что венский диалект выступает важным стилистическим средством. На основе анализа трех романов и одного рассказа современных австрийских писателей Х. Андерле («A schene Leich. Mordgeschichten»), Е. Менассе («Vienna»), Ф. Набля («Ödhof»), П. Кампы («Die zweite Reise») в статье были выявлены четыре функции венского диалекта. Посредством анализа реплик героев было доказано, что австрийские писатели используют венский диалект как 1) средство обозначения региональной принадлежности, 2) средство обозначения возраста, 3) средство обозначения социальной принадлежности и 4) способ выражения эмоций. Исследование речи героев австрийских художественных произведений позволило выявить наиболее употребительные венские слова и выражения и показать их роль в художественных текстах не только как средств создания речевого портрета героев, но и как маркеров своеобразия австрийского национального варианта современного немецкого языка.","Вестник Волгоградского государственного университета. Серия 2, Языкознание.",2015,"sociolinguistics, discourse"
Сейранян Маргарита Юрьевна,ПРОСОДИЧЕСКАЯ РЕАЛИЗАЦИЯ ИНДИВИДУАЛЬНОГО СТИЛЯ ПОВЕДЕНИЯ В КОНФЛИКТНОМ ДИСКУРСЕ,"Статья посвящена актуальным проблемам современной теории коммуникации – определению места просодии в конфликтном общении, ее взаимодействию с другими языковыми уровнями, роли просодии в создании и восприятии конфликтного дискурса. На основе экспериментальных данных, полученных автором в ходе электроакустического анализа звучащих текстов публичных выступлений и дебатов в палате общин парламента Великобритании в период 2012–2014 гг., проведено сопоставление просодических характеристик речи премьер-министра Д. Кемерона и представителя Лейбористской партии Х. Харман. Выявлено, что, кроме отражения индивидуальных особенностей речи политиков, просодические средства и их разнообразные комбинации маркируют конфликтный стиль речевого поведения. Установлено, что наиболее значимыми в реализации конфликтогенного потенциала высказывания и дискурса в целом являются плавная или ступенчатая шкала в предъядерной части высказывания, оформление ядра смысловых центров высказывания нисходящим тоном узкого диапазона, нисходяще-восходящим тоном среднего диапазона; превалирование высоких нисходящих тонов узкого диапазона и/или нисходяще-восходящих тонов; полифункциональность нисходяще-восходящего тона; вариативности ЧОТ (мелодические компоненты); умеренная громкость и отсутствие яркого контраста между ядром и фоном высказывания; отсутствие экспрессивных сегментов в высказывании-реакции на экспрессивное высказывании оппонента (динамические компоненты); варьирование скорости речи в рамках одной синтагмы; паузы средней длительности и эмфатические паузы; частотное акцентирование каждого элемента интонационной группы; варьирование скорости произнесения интонационной группы; умеренная скорость и одновременное понижение тонального уровня (темпоральный компонент).","Вестник Волгоградского государственного университета. Серия 2, Языкознание.",2015,"phonetics, discourse"
Кононова Инна Владимировна,СТРУКТУРА ЛИНГВОКУЛЬТУРНОГО КОНЦЕПТА: СПОСОБЫ ЯЗЫКОВОЙ И ДИСКУРСИВНОЙ ОБЪЕКТИВАЦИИ,"В статье представлен обзор современных подходов к анализу структуры лингвокультурного концепта, получивших широкое распространение в научной литературе, и предложен авторский метод структурирования концепта, дополняющий наиболее актуальные из существующих концепций. В соответствии с ним лингвокультурный концепт рассматривается как структура, включающая образную, ассоциативную, понятийную, ценностную, этимологическую и историческую составляющие. Национальное своеобразие лингвокультурного концепта отражается, главным образом, его образной, ценностной и ассоциативной составляющими и в значительной мере определяется этимологической составляющей. Ассоциативная составляющая концепта формируется доминантными ассоциативными отношениями (тематическими, парадигматическими, синтагматическими), в которые вступают языковые репрезентанты концепта. Понятийная составляющая концепта имеет зоны пересечения с ассоциативной, так как может включать смыслы, выводимые из доминантных ассоциативных связей концепта, однако базовыми в ее содержании являются родовые признаки концепта. Образная составляющая концепта может включать наглядно-чувственное представление (перцептивный образ) и комбинацию концептуальных метафор, выводимых носителем языка из сочетаемости имени, объективирующего концепт в языке. Описываемый в статье метод анализа структуры концепта может быть применим при выявлении диахронических изменений национальных концептосфер. На основе языковых данных определяется структура британского морально-этического концепта «английская сдержанность», рассматриваются его взаимосвязи с рядом других доминантных концептов, составляющих морально-этическую концептосферу, эксплицированную британским вариантом английского языка. Обосновывается особая значимость данного концепта в рамках британского национального сознания. Наиболее детально описывается специфика репрезентации анализируемого концепта во фразеологическом фонде языка.","Вестник Волгоградского государственного университета. Серия 2, Языкознание.",2014,linguoculturology
Коробова Ольга Валерьевна,"КОГНИТИВНЫЕ ТЕХНОЛОГИИ ПОСТРОЕНИЯ, ТРАНСЛЯЦИИ И ВОСПРИЯТИЯ КОНЦЕПТУАЛЬНЫХ СИСТЕМ УЧАСТНИКОВ МУЛЬТИМОДАЛЬНОЙ ИНТЕРАКЦИИ","В статье рассмотрены когнитивные технологии и методы конструирования, трансляции и адекватного восприятия концептуальных систем участников телевизионного политического ток-шоу в процессе мультимодальной интеракции. Показано, что суть когнитивных технологий и методов состоит в воздействии на получение, усвоение и хранение человеком знаний разного формата в рамках личностной концептуальной системы, формируемой в сознании индивида в процессе ментального освоения окружающей действительности. Такое воздействие лежит в основе коммуникации участников телевизионного политического ток-шоу, цели которой – трансляция и конструирование концептуальных систем интерактантов – достигаются за счет вербальных и невербальных когнитивных факторов, реализующихся средствами модальностей разного уровня. Основнымобъектом воздействия при этом являются не столько интерактанты (непосредственные участники ток-шоу), сколько коммуниканты, находящиеся в едином медиапространстве телевизионного политического ток-шоу. В результате исследования установлено, что интерактивное взаимодействие коммуникантов в процессе мультимодальной интеракции становится возможным в силу совпадения фрагментов их концептуальных систем.","Вестник Волгоградского государственного университета. Серия 2, Языкознание.",2014,"cognitive, discourse"
Саидгасанова Эльнара Умалатовна,ДОКУМЕНТНАЯ КОММУНИКАЦИЯ КАК ВИД СОЦИАЛЬНОЙ КОММУНИКАЦИИ,"В статье рассматривается понятие «документная коммуникация» в соотношении с понятиями «коммуникация», «социальная коммуникация». Анализируются подходы к классификации видов коммуникации, выделению ее составляющих – субъектов, объекта, канала и др. – и построению моделей, к определению места и роли документа в коммуникационном процессе. Автором принята трактовка документа как информации, зафиксированной на носителе, с реквизитами, позволяющими ее идентифицировать. Показано, что документная коммуникация обладает всеми признаками коммуникации и является разновидностью социальной коммуникации формального характера, для осуществления которой созданы специальные социальные институты (архивы, библиотеки, издательства и др.). Субъектами документной коммуникации являются отдельные люди, группы людей, общество в целом; объектом – сообщение, информация, содержащаяся в документе. Участники документной коммуникации преследуют социально значимые цели – познавательную, побудительную, экспрессивную. В качестве коммуникационного канала выступает материальная составляющая документа, то есть вещественный носитель, позволяющий не только передать сообщение, но и сохранить его неизменным в пространстве и во времени; наличие такого канала составляет специфику документной коммуникации. В процессе коммуникации возможно возникновение различных коммуникативных барьеров (технических, психологических, социальных).","Вестник Волгоградского государственного университета. Серия 2, Языкознание.",2014,discourse
Радчук Ольга Андреевна,ОСОБЕННОСТИ ЛИНГВОКУЛЬТУРНОГО И ПОЭТИЧЕСКОГО КОНЦЕПТОВ RAUM,"В статье рассматривается соотношение понятий «лингвокультурный концепт» и «поэтический концепт». Выявляются их особенности: лингвокультурный концепт выступает единицей языковой картины мира, которая характеризуется общностью и объективностью; поэтический концепт является элементом индивидуальной картины мира, возникает в сознании одного человека и потому субъективен. Объектом исследования выступает концепт Raum (Пространство), связанный с одной из основных мировоззренческих категорий, значимой для понимания как национальной картины мира, так и художественного мира определенного автора. Анализируется существительное Raum – имя концепта в лексикографических и паремиологических источниках, а также лексические репрезентации концепта, отражающие специфику его реализации в лирике Р.М. Рильке. В творчестве поэта отличительной чертой концепта является частотность репрезентирующих его лексем: die Weite (ширина, простор), die Ferne (даль, простор), die Tiefe (глубина), которые фиксируют актуальные, сближающие его с лингвокультурным концептом, признаки активного слоя. Периферию, или пассивный слой, представляют признаки смежного с Raum концепта Die Einsamkeit (Одиночество). Показано, что одиночество в творчестве Р.М. Рильке тесно связано с пространством и часто им определяется.","Вестник Волгоградского государственного университета. Серия 2, Языкознание.",2014,linguoculturology
Чернявская Елена Сергеевна,ИНТОНАЦИОННО-ЗВУКОВЫЕ ХАРАКТЕРИСТИКИ РЕКЛАМНОГО ПРОИЗНОСИТЕЛЬНОГО СТИЛЯ,"В статье предпринята попытка описания интонационно-звуковых характеристик рекламного фоностиля. На основе слухового анализа расшифровок магнитофонных записей радиорекламы, прозвучавшей на различных радиостанциях, а также в результате обработки репрезентативной части синтагм при помощи специальных компьютерных программ были определены параметры суперсегментных средств. Установлено, что стилистические параметры рекламного фоностиля ориентированы на современную орфоэпию, что своеобразие звучания радиорекламы обусловлено действием двух тенденций: сокращением длительности ударных гласных в конечном и неконечном слове и увеличением протяженности предударных и заударных гласных неконечного слова в синтагме, что особенность ритмической структуры конечного и неконечного слова в радиорекламе формируется выравниванием ударных и безударных звуков по протяженности. Специфика интонационной структуры рекламного текста состоит в совпадении синтаксического и синтагматического членения, позволяющем обозначить блоки смысловых моделей, по которым построен текст радиорекламы; в выделении ключевых слов в отдельные синтагмы; в оформлении информативных частей рекламного текста с помощью симметричного соотношения длины минимальных речевых отрезков; в сочетании разностилевых просодических элементов (типов ИК и внутрисинтагменных пауз) в рамках звучащего текста. Таким образом, проведенный анализ позволил установить, что тексты звучащей рекламы оформлены с помощью особого произносительного стиля, маркером которого является длительность.","Вестник Волгоградского государственного университета. Серия 2, Языкознание.",2014,"phonetics, discourse"
"Аксенова Анастасия Владимировна, Анисимова Татьяна Валентиновна",ПРИНЦИПЫ ПОСТРОЕНИЯ СИСТЕМЫ PR-ЖАНРОВ,"В статье рассматриваются принципы построения системы жанров PR-дискурса. Устанавливается ее специфика, заключающаяся в том, что ядерные (специально созданные для выполнения имиджевой функции) жанры встречаются сравнительно редко, в то время как основная нагрузка ложится на жанры других видов дискурса, которые совмещают основную функцию с имиджевой. Это свойство может иметь практически любой жанр, если он построен соответствующим образом, наполнен фактами, положительно характеризующими субъект и повышающими его имидж. Соответственно, все PR-жанры могут быть объединены в три группы, образующие жанровую систему PR-дискурса: жанры, используемые журналистами; жанры, предназначенные для непосредственного общения субъекта с целевой аудиторией; жанры других видов дискурса, содержащие имиджевую стратегию. Ядром системы является имиджевая статья, поскольку основное назначение этого жанра совпадает с назначением всего PR-дискурса в целом.","Вестник Волгоградского государственного университета. Серия 2, Языкознание.",2014,discourse
Рец Ирина Владимировна,НАЦИОНАЛЬНО-КУЛЬТУРНАЯ СПЕЦИФИКА НОВОЙ ЛЕКСИКИ НИДЕРЛАНДСКОГО И АНГЛИЙСКОГО ЯЗЫКОВ,"Статья посвящена вопросам неологии и лингвокультурологии. Дан краткий обзор важнейших работ, посвященных разноаспектному изучению и классификации неологизмов. Актуальность обращения к данной проблематике обусловлена тем, что до сих пор остается спорным лингвистический статус неологизма. В статье автор опирается на лингвокультурный подход в неологии и уточняет критерии выявления неологизма как единицы с культурно значимой информацией (хронология, наличие новой культурной референции денотативного и коннотативного значений языковой единицы, сфера употребления, локализация).","Вестник Волгоградского государственного университета. Серия 2, Языкознание.",2014,"lexicology, linguoculturology"
Балалыкина Эмилия Агафоновна,СЕМАНТИЧЕСКИЕ ЗАКОНЫ И ГЛАГОЛЬНАЯ ЛЕКСИКА,"Статья посвящена анализу глагольной лексики русского языка с точки зрения действия семантических законов. раскрыты механизмы расширения или сужения семантики, а также развития противоположных значений глагольного слова.","Вестник Волгоградского государственного университета. Серия 2, Языкознание.",2013,semantics
"Астафурова Татьяна Николаевна, Плахова Ольга Александровна",ЛИНГВОСЕМИОТИКА МАГИИ В СКАЗОЧНОМ ДИСКУРСЕ,"Статья посвящена лингвосемиотическому описанию врачебной и погодной магии в англоязычном сказочном дискурсе. структурными элементами магической деятельности выступают субъект и объект обрядовых действий, цель, место и время обряда, обрядовый инструментарий и магические действия.","Вестник Волгоградского государственного университета. Серия 2, Языкознание.",2013,"semiotics, discourse"
"Митягина Вера Александровна, Махортова Татьяна Юрьевна",ДИСКУРСИВНЫЕ РЕАЛИЗАЦИИ ЖАНРА: ПРИВЕТСТВЕННАЯ РЕЧЬ,"В статье анализируются коммуникативные действия, совершаемые в приветственных речах в разных дискурсах на немецком и русском языках. рассмотрение лингвопрагматических средств, используемых современными ораторами, позволило установить логику актуальных изменений языкового наполнения приветственной речи как универсального жанра ритуализованной институциональной коммуникации.","Вестник Волгоградского государственного университета. Серия 2, Языкознание.",2013,discourse
Дмитриева Евгения Геннадьевна,РАЗВИТИЕ ЗНАЧЕНИЙ ЭМОТИВОВ В ЯЗЫКЕ ДЕЛОВЫХ ДОКУМЕНТОВ,"Статья посвящена анализу употребления эмотивной лексики в региональных деловых памятниках xviii века. выявлены специфика развития лексических значений и особенности функционирования эмотивов в деловом тексте, установлены связи языка документов с агиографической и летописной традициями.","Вестник Волгоградского государственного университета. Серия 2, Языкознание.",2013,"lexicology, semantics"
"Кушнерук Сергей Петрович, Тюрикова Наталия Анатольевна",ДЕЛОПРОИЗВОДСТВО И АРХИВНОЕ ДЕЛО: РАЗВИТИЕ НАЦИОНАЛЬНОЙ ОТРАСЛЕВОЙ ТЕРМИНОЛОГИИ (НА МАТЕРИАЛЕ ТЕРМИНОЛОГИЧЕСКИХ СТАНДАРТОВ РОССИИ),"В статье представлены результаты лингвостатистического эксперимента, в ходе которого проанализированы изменения структурных параметров терминологических единиц предметной области «делопроизводство и архивное дело», включенных в российские стандарты. интерпретация параметров распределения терминов в разновременных стандартах позволила выявить лингвистическую экспликацию логико-смыслового развития исследуемой терминосистемы.","Вестник Волгоградского государственного университета. Серия 2, Языкознание.",2013,lexicology
Бухонкина Анна Сергеевна,ФУНКЦИОНАЛЬНЫЙ СТАТУС БРЕТОНСКОГО ЯЗЫКА В КОНТЕКСТЕ БРЕТОНСКОЙ ЯЗЫКОВОЙ СИТУАЦИИ,"В статье характеризуется языковая ситуация во французском регионе бретань. особое внимание уделяется описанию статуса бретонского языка как одного из миноритарных языков региона. рассматривается лингвоэкологическая проблема угасания бретонского идиома, обусловленная экстралингвистическими и лингвистическими причинами.","Вестник Волгоградского государственного университета. Серия 2, Языкознание.",2013,sociolinguistics
"Астафурова Татьяна Николаевна, Олянич Андрей Владимирович",ЛИНГВОСЕМИОТИКА ИНСТИТУТА ВЫСШЕГО ОБРАЗОВАНИЯ,"Статья посвящена исследованию университетских концептов и знаков, рефлектирующих многообразие форм учебной деятельности и ценностных стереотипов университетской культуры как среды для создания особой атмосферы элитарности университетского образования великобритании. англоязычный университетский дискурс реализуется через вербальные и невербальные знаки. вербальные знаки представлены номинативными группами агентов дискурса, их действий, элементов учебного процесса и материальных ресурсов. невербальные знаки включают символические артефакты (атрибуты академической среды) и паралингвистические знаки (жесты, мимика).","Вестник Волгоградского государственного университета. Серия 2, Языкознание.",2013,"semiotics, discourse"
Фомиченко Любовь Георгиевна,ЛИНГВОСЕМИОТИЧЕСКИЕ ОСОБЕННОСТИ ПРОСОДИЧЕСКОЙ ОРГАНИЗАЦИИ РЕЧИ БИЛИНГВОВ,"В статье освещены вопросы, связанные с выявлением лингвосемиотических особенностей спонтанной речи при двуязычии на просодическом уровне. изложены результаты экспериментально-фонетического исследования, в которых отражен системный характер знаковых явлений на просодическом уровне, свидетельствующих о русско-английском акценте в спонтанной речи билингвов.","Вестник Волгоградского государственного университета. Серия 2, Языкознание.",2013,"semiotics, phonetics, psycholinguistics"
Ильинова Елена Юрьевна,ХУДОЖЕСТВЕННЫЙ ВЫМЫСЕЛ И ЕГО КОГНИТИВНО-ЖАНРОВАЯ РЕПРЕЗЕНТАЦИЯ,"В статье представлен когнитивно-дискурсивный подход к изучению художественного вымысла, который рассматривается как разновидность лингвокреативной деятельности сознания, основанной на намеренной модификации концептуальной картины мира. автор характеризует семиотическую специфику и приемы концептуализации вымысла в тексте фэнтези.","Вестник Волгоградского государственного университета. Серия 2, Языкознание.",2013,"cognitive, discourse"
"Сидорович Татьяна Станиславовна, Новожилова Анна Алексеевна, Наумова Анна Петровна","Наумова А.П. ФОРМИРОВАНИЕ ТЕРМИНОСИСТЕМЫ «НАНОТЕХНОЛОГИИ»  (НА МАТЕРИАЛЕ АНГЛИЙСКОГО, НЕМЕЦКОГО, ФРАНЦУЗСКОГО И РУССКОГО ЯЗЫКОВ)","В статье рассмотрены особенности формирования терминосистемы ""нанотехнологии"". выявлены доминирующие способы образования терминов в английском, немецком, французском и русском языках.","Вестник Волгоградского государственного университета. Серия 2, Языкознание.",2013,lexicology
"Васильев Сергей Леонидович, Пробст Никита Артурович",МЕЖПОЛЕВАЯ ЗОНА ВОПРОСИТЕЛЬНО-ПОБУДИТЕЛЬНОЙ МОДАЛЬНОСТИ В ТЕКСТАХ ИНТЕРВЬЮ,"В статье на примере текстов, относящихся к жанру интервью, рассматривается функциональная специфика межполевой зоны вопросительно-побудительной модальности. устанавливаются план содержания и план выражения указанной модальной зоны. выявляются и характеризуются наиболее регулярные средства ее реализации.","Вестник Волгоградского государственного университета. Серия 2, Языкознание.",2013,semantics
"Прохватилова Ольга Александровна, Синицына Любовь Викторовна",К ВОПРОСУ О РИТМИЗАЦИИ ДИКТОРСКОЙ РЕЧИ,"В статье рассмотрены лексические и синтаксические средства ритмизации дикторской речи. установлен их состав, раскрыты функции, выявлена специфика использования лексико-синтаксических ритмообразующих средств в дикторской речи 80-х и 2000-х годов.","Вестник Волгоградского государственного университета. Серия 2, Языкознание.",2013,"syntax, phonetics"
Горбань Оксана Анатольевна,КОМПОЗИЦИЯ И ЯЗЫКОВЫЕ ОСОБЕННОСТИ ДОКУМЕНТОВ КАНЦЕЛЯРИИ ПРАВИТЕЛЬСТВА ОБЛАСТИ ВОЙСКА ДОНСКОГО,"В статье анализируются тексты рапортов станичных атаманов области войска донского конца xviii в. с точки зрения композиции, реквизитного состава и речевых (лексических, грамматических, стилистических) особенностей. сделан вывод об основных чертах делового стиля и характере его взаимодействия с народно-разговорным языком в региональных документах.","Вестник Волгоградского государственного университета. Серия 2, Языкознание.",2012,discourse
Матжанова Кристина Александровна,ОСОБЕННОСТИ УПОТРЕБЛЕНИЯ ДЕЛИМИТАТИВОВ В ДИАЛЕКТНОЙ РЕЧИ,"В статье охарактеризованы ограничительные глаголы, функционирующие в речи носителей медведицкой группы донских говоров волгоградской области. показано, что, с одной стороны, говоры сохраняют некоторые архаичные черты, а с другой – демонстрируют некоторые новации (как внутридиалектные, так и обусловленные влиянием разговорного варианта литературного языка).","Вестник Волгоградского государственного университета. Серия 2, Языкознание.",2012,"sociolinguistics, semantics"
Ярощук Инна Александровна,КОГНИТИВНО-ПРАГМАТИЧЕСКИЕ СВОЙСТВА МЕТАФОРЫ (НА МАТЕРИАЛЕ ХУДОЖЕСТВЕННОЙ ПРОЗЫ ПИСАТЕЛЕЙ ЧЕРНОЗЕМЬЯ),"В статье с позиций когнитивно-прагматического подхода исследованы генезис и функционирование метафоры в региональной художественной прозе. выявлены когнитивно-прагматические свойства метафоры. показано, что они определяются полифункциональной сущностью языкового сознания автора и читателя.","Вестник Волгоградского государственного университета. Серия 2, Языкознание.",2012,"pragmatics, cognitive"
Коржавый Алексей Павлович,ОСОБЕННОСТИ СТРУКТУРЫ БИНОМИНАЛЬНЫХ СЛОВОСОЧЕТАНИЙ В ЯЗЫКЕ ДРЕВНЕАНГЛИЙСКОЙ ПРОЗЫ И ПОЭЗИИ,"Статья содержит сопоставительный анализ биноминальных словосочетаний в текстах англо-саксонской хроники и древнеанглийской поэмы «андрей». исследуется характер влияния жанровой специфики памятников на такие особенности оформления словосочетаний, как степень развернутости, словорасположение, дистаксия, наличие указательного местоимения и элиминацию.","Вестник Волгоградского государственного университета. Серия 2, Языкознание.",2012,"semantics, syntax"
Волкова Яна Александровна,ДЕСТРУКТИВНОЕ ОБЩЕНИЕ: К ОПРЕДЕЛЕНИЮ ПОНЯТИЯ,В статье проводится анализ основных теорий агрессии и деструктивности. устанавливается место деструктивности в ряду смежных с ним понятий агрессии и агрессивности. дается определение и развернутая характеристика деструктивного общения с точки зрения теории коммуникации.,"Вестник Волгоградского государственного университета. Серия 2, Языкознание.",2012,"discourse, pragmatics"
Млечко Александр Владимирович,СИМВОЛИЗАЦИЯ МИФОЛОГЕМЫ КОСМОС В СЕМАНТИЧЕСКОМ ПРОСТРАНСТВЕ РУССКОГО ТЕКСТА «СОВРЕМЕННЫХ ЗАПИСОК»,"Статья посвящена анализу специфического семантико-семиотического образования, которое условно определяется как русский текст и позволяет рассматривать публикации журнала «современные записки» в качестве некоторой текстуальной целостности. механизмы его функционирования демонстрируются на примере мифосимволического анализа прозы и. бунина.","Вестник Волгоградского государственного университета. Серия 2, Языкознание.",2012,"semantics, semiotics"
"Токарев Григорий Валериевич, Леонова Юлия Юрьевна",ЛЕКСИКО-ФРАЗЕОЛОГИЧЕСКИЕ СРЕДСТВА ВЫРАЖЕНИЯ ПРОСЬБЫ В ЧЕЛОБИТНЫХ XVII ВЕКА,На основе анализа лексико-фразеологического состава челобитных хvii века выявлены стандартизированные средства объективации просьбы. выделены и описаны традиционные формулярные элементы челобитных: свободные и обязательные лексико-фразеологические стилевыеэлементы просьбы.,"Вестник Волгоградского государственного университета. Серия 2, Языкознание.",2011,"phraseology, semantics"
Бухонкина Анна Сергеевна,К ВОПРОСУ О ЯЗЫКОВОЙ СИТУАЦИИ В БРЕТАНИ,"В статье охарактеризованы региональные языки бретани – бретонский и галло: их территориальное распространение и отличительные признаки. рассматриваются исторические условия их сосуществования с государственным французским языком, а также место бретонского и галло в повседневном общении и в системе образования бретани.","Вестник Волгоградского государственного университета. Серия 2, Языкознание.",2011,sociolinguistics
"Ребрушкина Ирина Анатольевна, Арискина Ольга Леонидовна",ОТРИЦАТЕЛЬНАЯ ОРИЕНТАЦИЯ ТЕРМИНА КАК ЕГО ОТНОСИТЕЛЬНЫЙ ПРИЗНАК (НА МАТЕРИАЛЕ ЛИНГВИСТИЧЕСКОЙ ТЕРМИНОЛОГИИ),"В статье рассмотрено понятие отрицательной ориентации термина, которое является объединяющим для неориентирующих и ложно ориентирующих терминов. доказано, что отрицательная ориентация представляет собой признак термина, относительность которого зависит от различных субъективных и объективных факторов и может устраняться в процессе анализа термина.","Вестник Волгоградского государственного университета. Серия 2, Языкознание.",2011,semantics
Девина Ольга Владимировна,СЕМАНТИЧЕСКАЯ ДОМИНАНТА КАК СТРУКТУРООБРАЗУЮЩИЙ КОМПОНЕНТ АВТОРСКОЙ МОДАЛЬНОСТИ (НА МАТЕРИАЛЕ ПОЭМЫ А.Т. ТВАРДОВСКОГО «ЗА ДАЛЬЮ – ДАЛЬ»),В статье рассмотрены особенности выражения авторской модальности в тексте; на основе комплексного анализа текста выявлена ключевая роль семантических доминант в структуре авторской модальности.,"Вестник Волгоградского государственного университета. Серия 2, Языкознание.",2011,semantics
Мухина Марина Васильевна,ОЦЕНКА КАК СПОСОБ ФОРМИРОВАНИЯ ИМИДЖА ОРГАНИЗАЦИИ,"В статье рассматривается роль оценочных суждений в процессе формирования имиджа компании. автор приходит к выводу, что наиболее эффективной является система, состоящая из четырех видов оценок, последовательное предъявление которых и приводит к формированию положительного впечатления о pr-субъекте.","Вестник Волгоградского государственного университета. Серия 2, Языкознание.",2011,"discourse, pragmatics"
Филиппов Василий Олегович,КОНЦЕПТУАЛЬНАЯ МЕТАФОРА В ОБЛАСТИ ДИФФУЗНЫХ ЯВЛЕНИЙ,"В работе предпринята попытка анализа особой области концептуализации – явлений с диффузией референтной и предикативной частей пропозиции – в аспекте когнитивной теории метафоры. рассмотрена модель механизма концептуальной метафоры, в основу которой положена «суперкатегоризация» области-источника.","Вестник Волгоградского государственного университета. Серия 2, Языкознание.",2011,"semantics, pragmatics, metaphor studies"
Коробова Ольга Валерьевна,"О ЗАВИСИМОСТИ ФОРМ ГЛАГОЛЬНОГО УПРАВЛЕНИЯ ОТ НАЦИОНАЛЬНОЙ СПЕЦИФИКИ ВОСПРИЯТИЯ ДЕЙСТВИТЕЛЬНОСТИ (НА МАТЕРИАЛЕ НЕМЕЦКОГО, АНГЛИЙСКОГО И РУССКОГО ЯЗЫКОВ)","В статье представлена методология когнитивного подхода к изучению форм глагольного управления; в результате сравнительного анализа форм управления глаголов, описывающих события ментальной деятельности в немецком, английском и русском языках, выявлены признаки соответствующих событий, значимых для носителей указанных выше языков.","Вестник Волгоградского государственного университета. Серия 2, Языкознание.",2011,"morphology, semantics, sociolinguistics"
Серопегина Татьяна Викторовна,ДИНАМИКА ОЦЕНОЧНОСТИ В АНТРОПОМОРФНОМ КОДЕ КУЛЬТУРЫ,"В статье рассматриваются английские антропонимы с оценочной семантикой лица, выступающие в качестве прецедентных имен; проводится анализ функционирования данных прецедентных имен в контексте; определяются особенности их структуры; выявляется динамика оценочности в синхронии и диахронии.","Вестник Волгоградского государственного университета. Серия 2, Языкознание.",2011,"semantics, pragmatics"
Ионова Светлана Валентиновна,К ВОПРОСУ О ПРИЗНАКАХ ЭКОЛОГИЧНОСТИ ТЕКСТОВОЙ КОММУНИКАЦИИ,"В статье рассматривается проблема выделения признаков экологичности в применении к такому лингвистическому объекту, как информационно-текстовая среда. в основу рассуждений положен тезис о сложной социально-биологической природе человека и влиянии информации на разные стороны человеческой личности. в статье охарактеризованы виды социальных и биологических факторов текстовой коммуникации, влияющих на выделение признаков ее экологичности, применяется принцип экстраполяции интердисциплинарных понятий на сферу лингвоэкологии.","Вестник Волгоградского государственного университета. Серия 2, Языкознание.",2011,"discourse, pragmatics"
Шовгенин Александр Николаевич,ЭКОЛИНГВИСТИЧЕСКИЙ АНАЛИЗ КЁЛЬНСКОГО ОПЫТА ЯЗЫКОВОЙ ИНТЕГРАЦИИ ИММИГРАНТОВ (ВОЗМОЖНОСТИ ПРИМЕНЕНИЯ В ВОЛГОГРАДСКОЙ ОБЛАСТИ),В статье на примере отдельного региона российской федерации показаны перспективы внедрения кёльнского опыта языковой интеграции детей иммигрантов с целью сокращения экологического давления на русский язык.,"Вестник Волгоградского государственного университета. Серия 2, Языкознание.",2011,"sociolinguistics, language acquisition"
Вотрина Елена Николаевна,К ВОПРОСУ О СРЕДСТВАХ СОЗДАНИЯ ВНЕШНЕЙ ДИАЛОГИЧНОСТИ В НАУЧНЫХ ТЕКСТАХ ХХ ВЕКА,В статье предпринята попытка изучения внешней диалогичности как одного из основных принципов речевой организации научного текста хх века. предлагается описание представленности средств внешней диалогичности и их функций. дается классификация и дистрибуция функционально-семантических типов вопросительных предложений в научных текстах хх века.,"Вестник Волгоградского государственного университета. Серия 2, Языкознание.",2011,discourse
Каменская Анна Викторовна,СИМВОЛИКА ДУХОВНОЙ И НАЦИОНАЛЬНОЙ ПАМЯТИ НА СЕМАНТИЧЕСКОМ ПРОСТРАНСТВЕ РУССКОГО ТЕКСТА «СОВРЕМЕННЫХ ЗАПИСОК» И ПОЭТИЧЕСКИЙ ДИСКУРС ЖУРНАЛА,"В статье реконструированы семантические комплексы, имеющие мифосимволические репрезентации в различных текстах поэтов-эмигрантов «первой волны», и на этой основе выявлены признаки, формирующие семантическое единство русского текста «современных записок».","Вестник Волгоградского государственного университета. Серия 2, Языкознание.",2010,"semantics, discourse"
Зубкова Наталья Юрьевна,ОБРАЗЫ ПРОСТРАНСТВА В  РУССКОЙ И ФРАНЦУЗСКОЙ ЛИНГВОКУЛЬТУРАХ,"В статье рассматривается категория пространства, представляющая собой значимый фрагмент языковой картины мира. aнализируются и cопоставляются образы пространства в русской и французской лингвокультурах, выявляются сходства и различия.","Вестник Волгоградского государственного университета. Серия 2, Языкознание.",2010,"discourse, semantics"
Синина Анна Игоревна,ЭВФЕМИСТИЧЕСКАЯ ПЕРИФРАЗА В СОВРЕМЕННОЙ АНГЛОЯЗЫЧНОЙ ПУБЛИЦИСТИКЕ,"В статье рассматриваются способы образования эвфемистической перифразы и выявляются особенности ее функционирования на примере текстов современной англоязычной публицистики. установлено, что эвфемистические перифразы тесно связаны с понятиями воздействия на реципиента и политической корректности.","Вестник Волгоградского государственного университета. Серия 2, Языкознание.",2010,"discourse, language description, pragmatics"
Рогалева Елена Ивановна,СПОСОБЫ СЛОВАРНОЙ ИНТЕРПРЕТАЦИИ  ФРАЗЕОЛОГИЧЕСКОГО ОБРАЗА,"Выявлены и рассмотрены различные способы словарной интерпретации фразеологического образа в современных фразеологических словарях. характеризуются особенности словарной разработки образно-мотивирующего макрокомпонента фразеологического значения в учебных фразеологических словарях. приводятся авторские способы репрезентации фразем с ""парадоксальной"" образностью.","Вестник Волгоградского государственного университета. Серия 2, Языкознание.",2010,"phraseology, lexicography"
